1, 4, 0.2982690930366516, 1.9393272399902344
1, 14, 0.3128942847251892, 1.5519684553146362
1, 22, 0.23194648325443268, 1.6318316459655762
1, 7, 0.28725504875183105, 1.697587251663208
1, 6, 0.2473890334367752, 1.7355328798294067
1, 3, 0.306581050157547, 1.6587074995040894
1, 21, 0.3060860335826874, 1.5458966493606567
1, 16, 0.29591286182403564, 1.5229198932647705
1, 19, 0.277309387922287, 1.6126134395599365
1, 5, 0.32871097326278687, 1.5383588075637817
1, 12, 0.3912023603916168, 1.8350545167922974
1, 8, 0.2475498765707016, 1.6262320280075073
1, 15, 0.24495567381381989, 1.8254565000534058
1, 2, 0.3039725124835968, 1.659216284751892
1, 18, 0.3475330173969269, 1.8486943244934082
1, 13, 0.2989024519920349, 1.9167871475219727
1, 9, 0.24556855857372284, 1.6789988279342651
1, 20, 0.2892580032348633, 1.559475302696228
1, 0, 0.27978816628456116, 1.6413499116897583
1, 17, 0.22432734072208405, 1.792546272277832
1, 11, 0.32620319724082947, 1.5714390277862549
1, 1, 0.2564164400100708, 1.6046209335327148
1, 10, 0.3388144075870514, 1.816898226737976
1, 23, 0.39525535702705383, 1.785136342048645
2, 16, 0.690583348274231, 0.787554919719696
2, 19, 0.6637657284736633, 0.8411521315574646
2, 22, 0.632881224155426, 0.9078648090362549
2, 6, 0.5593994855880737, 1.1467822790145874
2, 1, 0.6670677065849304, 0.8175298571586609
2, 12, 0.4800586402416229, 1.846272587776184
2, 9, 0.6343645453453064, 0.8660172820091248
2, 17, 0.37836331129074097, 1.551507592201233
2, 23, 0.48142337799072266, 1.6747100353240967
2, 4, 0.3434063196182251, 2.4963910579681396
2, 5, 0.7197802066802979, 0.7537871599197388
2, 11, 0.6977202296257019, 0.7642691731452942
2, 14, 0.7501892447471619, 0.7039361596107483
2, 3, 0.6939539909362793, 0.8514807224273682
2, 2, 0.669570803642273, 0.8513754606246948
2, 7, 0.6234974265098572, 1.008442759513855
2, 10, 0.423813134431839, 1.7494584321975708
2, 13, 0.4252080023288727, 1.9147684574127197
2, 20, 0.6476390957832336, 0.8780810832977295
2, 8, 0.7051102519035339, 0.7508412599563599
2, 15, 0.5032864809036255, 1.5397794246673584
2, 18, 0.407296746969223, 2.141141653060913
2, 0, 0.7233411073684692, 0.713121771812439
2, 21, 0.6963233947753906, 0.7642925977706909
3, 12, 0.4853372573852539, 1.8214004039764404
3, 14, 0.7457313537597656, 0.8015887141227722
3, 5, 0.7150706648826599, 0.8686996698379517
3, 16, 0.6921138167381287, 0.9336925745010376
3, 10, 0.42246395349502563, 1.5884490013122559
3, 6, 0.6264686584472656, 1.3695991039276123
3, 9, 0.6286789178848267, 1.0796000957489014
3, 21, 0.692307710647583, 0.8249167799949646
3, 2, 0.6641355752944946, 0.9933792352676392
3, 23, 0.48367807269096375, 1.5039167404174805
3, 7, 0.6187222003936768, 1.3317395448684692
3, 15, 0.4974014163017273, 1.5887740850448608
3, 1, 0.6513474583625793, 0.9177415370941162
3, 11, 0.6976264119148254, 0.847690999507904
3, 13, 0.4219330847263336, 1.7021397352218628
3, 22, 0.6188599467277527, 1.1212927103042603
3, 20, 0.6457532644271851, 1.102628231048584
3, 0, 0.7178849577903748, 0.867407500743866
3, 3, 0.6937756538391113, 0.8620569109916687
3, 19, 0.643368661403656, 0.9669151306152344
3, 18, 0.40931200981140137, 2.5216176509857178
3, 4, 0.3486659526824951, 2.909991502761841
3, 8, 0.6969723701477051, 0.8484988212585449
3, 17, 0.37740805745124817, 2.0952792167663574
4, 1, 0.639717698097229, 1.0005275011062622
4, 7, 0.6174872517585754, 1.5962644815444946
4, 6, 0.6200228333473206, 1.5283178091049194
4, 8, 0.6827091574668884, 0.9654760360717773
4, 9, 0.6206521987915039, 1.2311396598815918
4, 0, 0.7190884947776794, 0.9749715328216553
4, 15, 0.4828798472881317, 1.6155303716659546
4, 14, 0.7406005263328552, 0.873370349407196
4, 4, 0.3450320363044739, 3.186591625213623
4, 13, 0.4231722354888916, 1.6504467725753784
4, 20, 0.6462609767913818, 1.2671959400177002
4, 23, 0.686109185218811, 1.311052680015564
4, 19, 0.6351191997528076, 1.106778621673584
4, 12, 0.49022483825683594, 1.9043982028961182
4, 11, 0.6954686045646667, 0.9446620941162109
4, 3, 0.6829855442047119, 0.9483667016029358
4, 22, 0.6076796054840088, 1.285375714302063
4, 5, 0.7100993990898132, 0.9747041463851929
4, 16, 0.6876125335693359, 1.067360281944275
4, 21, 0.6873996257781982, 0.8881468176841736
4, 10, 0.5502150058746338, 1.5103880167007446
4, 17, 0.3619646430015564, 2.6736392974853516
4, 2, 0.6646950840950012, 1.1232287883758545
4, 18, 0.39798471331596375, 2.8837296962738037
5, 11, 0.668355405330658, 1.1410119533538818
5, 1, 0.6009784936904907, 1.2233566045761108
5, 22, 0.5775293111801147, 1.629594326019287
5, 10, 0.6750147342681885, 1.4940370321273804
5, 4, 0.4223964810371399, 3.336092233657837
5, 16, 0.6768995523452759, 1.2863744497299194
5, 9, 0.6037625670433044, 1.4882875680923462
5, 13, 0.4559214115142822, 1.745557188987732
5, 5, 0.6811442375183105, 1.2292605638504028
5, 17, 0.3304409980773926, 3.414665699005127
5, 21, 0.6528645157814026, 1.051800012588501
5, 7, 0.5918821096420288, 2.0161914825439453
5, 8, 0.6514700651168823, 1.2660683393478394
5, 23, 0.6744436621665955, 1.2277770042419434
5, 14, 0.7148624658584595, 1.0213266611099243
5, 19, 0.6018493175506592, 1.416157603263855
5, 12, 0.48660802841186523, 1.8668667078018188
5, 0, 0.7082564234733582, 1.186477780342102
5, 6, 0.5927708745002747, 1.840671181678772
5, 2, 0.6338422298431396, 1.416131615638733
5, 3, 0.6544498205184937, 1.160977840423584
5, 20, 0.6273300647735596, 1.6064079999923706
5, 18, 0.3742876946926117, 3.218661069869995
5, 15, 0.4913634955883026, 1.7803113460540771
6, 12, 0.49550342559814453, 1.685427188873291
6, 13, 0.44007790088653564, 1.5647921562194824
6, 5, 0.6944880485534668, 1.0914943218231201
6, 23, 0.6792471408843994, 1.1701579093933105
6, 22, 0.5899926424026489, 1.405027985572815
6, 17, 0.3457252085208893, 3.105771541595459
6, 3, 0.6596218943595886, 1.0630565881729126
6, 7, 0.5995389223098755, 1.7420337200164795
6, 21, 0.6642869710922241, 0.9503676891326904
6, 2, 0.6445527672767639, 1.225528597831726
6, 11, 0.6759545803070068, 1.0442043542861938
6, 14, 0.7188156843185425, 0.9591559767723083
6, 8, 0.6552327871322632, 1.103799819946289
6, 9, 0.6042641997337341, 1.3576902151107788
6, 15, 0.44932740926742554, 1.622917652130127
6, 0, 0.7190082669258118, 1.0570999383926392
6, 4, 0.4257435202598572, 3.2894129753112793
6, 20, 0.6374120712280273, 1.481410026550293
6, 10, 0.6718104481697083, 1.3728086948394775
6, 19, 0.6232435703277588, 1.194321632385254
6, 16, 0.679510235786438, 1.1695003509521484
6, 18, 0.3804725408554077, 2.8792672157287598
6, 6, 0.604928195476532, 1.5927584171295166
6, 1, 0.6007378697395325, 1.127708911895752
7, 22, 0.6126282811164856, 1.2785274982452393
7, 13, 0.42989909648895264, 1.5922456979751587
7, 19, 0.6481733322143555, 1.0930536985397339
7, 20, 0.6437948942184448, 1.3637433052062988
7, 10, 0.5543469190597534, 1.3602079153060913
7, 15, 0.4645368456840515, 1.648114800453186
7, 8, 0.6724711060523987, 1.0317291021347046
7, 17, 0.36085018515586853, 2.982708692550659
7, 18, 0.3908964693546295, 2.8466429710388184
7, 0, 0.7326486110687256, 0.9640958309173584
7, 16, 0.687252402305603, 1.0560423135757446
7, 12, 0.49990224838256836, 1.8781718015670776
7, 4, 0.34369322657585144, 3.441720485687256
7, 23, 0.6880698204040527, 1.2337627410888672
7, 3, 0.6685393452644348, 0.9997028112411499
7, 1, 0.6266441941261292, 1.0122475624084473
7, 21, 0.6775834560394287, 0.9003478288650513
7, 11, 0.6847734451293945, 0.9736455678939819
7, 7, 0.6132883429527283, 1.5711572170257568
7, 14, 0.7265539765357971, 0.8976173400878906
7, 5, 0.7006802558898926, 1.0327945947647095
7, 2, 0.6562225222587585, 1.1330575942993164
7, 9, 0.6167224049568176, 1.196637511253357
7, 6, 0.616432785987854, 1.4781622886657715
8, 13, 0.48592671751976013, 1.397955298423767
8, 20, 0.6359614133834839, 1.4697409868240356
8, 23, 0.6880698204040527, 1.1072419881820679
8, 8, 0.6687084436416626, 1.1346828937530518
8, 2, 0.6387978792190552, 1.2875659465789795
8, 17, 0.3522528111934662, 3.2859771251678467
8, 19, 0.6370229125022888, 1.2195491790771484
8, 12, 0.49530792236328125, 1.696357250213623
8, 4, 0.4485990107059479, 3.261030673980713
8, 11, 0.6790505647659302, 1.028572678565979
8, 6, 0.6019908785820007, 1.6287893056869507
8, 14, 0.7214231491088867, 0.9312906861305237
8, 21, 0.6701766848564148, 0.9754435420036316
8, 0, 0.7282356023788452, 1.0507664680480957
8, 15, 0.4701926112174988, 1.6107451915740967
8, 9, 0.6147993206977844, 1.286203384399414
8, 18, 0.3844336271286011, 2.75801944732666
8, 7, 0.6019265651702881, 1.7444493770599365
8, 10, 0.6730753183364868, 1.2798740863800049
8, 16, 0.6861721277236938, 1.1443712711334229
8, 5, 0.6879469752311707, 1.1257286071777344
8, 22, 0.6028226017951965, 1.4223874807357788
8, 1, 0.627045214176178, 1.094191551208496
8, 3, 0.6605136394500732, 1.0556954145431519
9, 4, 0.42736923694610596, 3.162227153778076
9, 7, 0.6205335259437561, 1.4502332210540771
9, 20, 0.660114586353302, 1.2458938360214233
9, 5, 0.7066980600357056, 0.9657745957374573
9, 14, 0.7360585331916809, 0.8321030139923096
9, 0, 0.7359383702278137, 0.8995417952537537
9, 21, 0.6785650253295898, 0.8850374221801758
9, 8, 0.6838467121124268, 0.9391055107116699
9, 9, 0.6270902752876282, 1.0983854532241821
9, 17, 0.3699251711368561, 2.935934066772461
9, 13, 0.6181625127792358, 1.3225022554397583
9, 2, 0.6609383821487427, 1.0706473588943481
9, 6, 0.6098237633705139, 1.3653510808944702
9, 23, 0.6886579990386963, 1.0623350143432617
9, 1, 0.6413217782974243, 0.9406765103340149
9, 16, 0.6932840943336487, 0.9845467805862427
9, 18, 0.39381515979766846, 2.546719789505005
9, 12, 0.5003910064697266, 1.704195261001587
9, 22, 0.6217008829116821, 1.1761938333511353
9, 10, 0.67526775598526, 1.1744860410690308
9, 19, 0.6548817157745361, 1.013316035270691
9, 3, 0.6709470152854919, 0.9280936121940613
9, 15, 0.46323755383491516, 1.4236013889312744
9, 11, 0.6888076066970825, 0.8791363835334778
10, 0, 0.39356493949890137, 1.666123867034912
10, 14, 0.4501640200614929, 2.45396089553833
10, 10, 0.4188380241394043, 3.3528401851654053
10, 5, 0.7419326901435852, 0.7470601797103882
10, 23, 0.45593568682670593, 4.662420749664307
10, 16, 0.7347857356071472, 0.6794080138206482
10, 13, 0.22455301880836487, 4.968204021453857
10, 22, 0.6488269567489624, 0.7787361145019531
10, 8, 0.6694085001945496, 0.8733420968055725
10, 1, 0.6967436671257019, 0.7458748817443848
10, 4, 0.656306803226471, 2.3025248050689697
10, 7, 0.5741807818412781, 0.9671157598495483
10, 6, 0.6146377325057983, 1.2417845726013184
10, 19, 0.6629498600959778, 0.7779114246368408
10, 11, 0.6749225854873657, 0.8923362493515015
10, 9, 0.5648829340934753, 1.0810720920562744
10, 17, 0.38075146079063416, 2.5620357990264893
10, 15, 0.62404465675354, 1.085404634475708
10, 12, 0.47116324305534363, 5.593215465545654
10, 18, 0.4261292517185211, 4.771722316741943
10, 2, 0.1967868208885193, 6.48045015335083
10, 21, 0.6535784602165222, 0.9519973397254944
10, 3, 0.6004993915557861, 1.7334076166152954
10, 20, 0.6770145893096924, 0.9192220568656921
11, 22, 0.7766678929328918, 0.5313133001327515
11, 11, 0.7117928266525269, 0.7075214982032776
11, 16, 0.7967230677604675, 0.49704673886299133
11, 19, 0.8040068745613098, 0.4964539706707001
11, 12, 0.8310850262641907, 0.4565982520580292
11, 13, 0.6800318360328674, 0.956856906414032
11, 6, 0.7748857736587524, 0.5297985672950745
11, 7, 0.7083813548088074, 0.787652313709259
11, 15, 0.773158073425293, 0.5840900540351868
11, 8, 0.6711585521697998, 0.9102595448493958
11, 4, 0.7921966314315796, 0.5403362512588501
11, 18, 0.5419735908508301, 1.531382441520691
11, 1, 0.7826435565948486, 0.5351755619049072
11, 20, 0.7738448977470398, 0.5768049955368042
11, 17, 0.7269542813301086, 0.6815849542617798
11, 23, 0.8408979773521423, 0.4160888195037842
11, 2, 0.7790744304656982, 0.588922917842865
11, 10, 0.799477219581604, 0.5155283212661743
11, 21, 0.6558094024658203, 0.8826367855072021
11, 5, 0.7917320728302002, 0.5166366696357727
11, 3, 0.767166018486023, 0.5758227705955505
11, 14, 0.8120111227035522, 0.4766217768192291
11, 9, 0.7773411273956299, 0.5481743216514587
11, 0, 0.8122442364692688, 0.49886828660964966
12, 12, 0.8468230962753296, 0.41363513469696045
12, 5, 0.827489972114563, 0.4806939959526062
12, 22, 0.804618775844574, 0.4993422031402588
12, 4, 0.7925791144371033, 0.5015854835510254
12, 6, 0.8027088642120361, 0.465937077999115
12, 19, 0.8107152581214905, 0.46292009949684143
12, 11, 0.7405948042869568, 0.6524848341941833
12, 16, 0.7964529991149902, 0.5205121636390686
12, 10, 0.8275571465492249, 0.42617809772491455
12, 1, 0.8149663209915161, 0.4828985631465912
12, 21, 0.690701425075531, 0.8105621337890625
12, 15, 0.7904310822486877, 0.5307796001434326
12, 7, 0.6875514388084412, 0.8439695835113525
12, 3, 0.7688603401184082, 0.5912564396858215
12, 23, 0.8445250391960144, 0.41625264286994934
12, 8, 0.6971473693847656, 0.9002572894096375
12, 14, 0.8272352814674377, 0.4686829447746277
12, 13, 0.7335811853408813, 0.9185059666633606
12, 20, 0.7715238928794861, 0.5866008996963501
12, 9, 0.7904682159423828, 0.5272236466407776
12, 2, 0.8261529803276062, 0.4480302929878235
12, 18, 0.5432244539260864, 1.7995750904083252
12, 0, 0.8209901452064514, 0.46081385016441345
12, 17, 0.7788568735122681, 0.5662123560905457
13, 4, 0.8154346346855164, 0.46434229612350464
13, 21, 0.7010530233383179, 0.8081767559051514
13, 0, 0.8317419290542603, 0.4431833028793335
13, 22, 0.7698863744735718, 0.568893313407898
13, 11, 0.7246458530426025, 0.7103607058525085
13, 6, 0.8154373168945312, 0.45231083035469055
13, 3, 0.7883895039558411, 0.5432690382003784
13, 16, 0.826431393623352, 0.4430169463157654
13, 10, 0.8396998047828674, 0.3942387104034424
13, 9, 0.8022575378417969, 0.49767449498176575
13, 17, 0.7779015898704529, 0.538040280342102
13, 7, 0.6793183088302612, 0.9107982516288757
13, 8, 0.7166608572006226, 0.8833632469177246
13, 12, 0.8533724546432495, 0.4012647569179535
13, 13, 0.7141087055206299, 0.9851229190826416
13, 19, 0.8101713061332703, 0.45885929465293884
13, 2, 0.8080888986587524, 0.4974994361400604
13, 18, 0.5494093298912048, 1.962899088859558
13, 5, 0.8397871851921082, 0.45377233624458313
13, 20, 0.8169289827346802, 0.4816795587539673
13, 14, 0.8402725458145142, 0.4195478856563568
13, 23, 0.8678560853004456, 0.35332223773002625
13, 15, 0.7927239537239075, 0.5476477742195129
13, 1, 0.8168110251426697, 0.48211216926574707
14, 9, 0.8006688952445984, 0.4973926842212677
14, 4, 0.8127570152282715, 0.4478475749492645
14, 11, 0.7443475127220154, 0.6546593904495239
14, 8, 0.7286489605903625, 0.7456216216087341
14, 14, 0.8496930003166199, 0.4055541157722473
14, 1, 0.8322906494140625, 0.4400927424430847
14, 18, 0.5795691609382629, 1.5234609842300415
14, 19, 0.8225908875465393, 0.4413244128227234
14, 5, 0.8519971966743469, 0.4128325581550598
14, 15, 0.8116019368171692, 0.49159902334213257
14, 10, 0.8507462739944458, 0.38553738594055176
14, 17, 0.7837923765182495, 0.533057689666748
14, 13, 0.7143742442131042, 0.9245026707649231
14, 6, 0.8170691728591919, 0.44093888998031616
14, 21, 0.7209530472755432, 0.7194600105285645
14, 0, 0.8421728610992432, 0.4140854477882385
14, 16, 0.8250810503959656, 0.43598389625549316
14, 22, 0.8062683343887329, 0.4769759178161621
14, 7, 0.7081343531608582, 0.7523250579833984
14, 2, 0.8422188758850098, 0.3994617462158203
14, 12, 0.8566960096359253, 0.393232524394989
14, 3, 0.7924915552139282, 0.5279269218444824
14, 23, 0.8668757677078247, 0.3521535396575928
14, 20, 0.7985058426856995, 0.5238818526268005
15, 19, 0.8108965754508972, 0.4736345708370209
15, 11, 0.723332405090332, 0.694046676158905
15, 7, 0.7138152718544006, 0.7344785332679749
15, 16, 0.8313828110694885, 0.429948091506958
15, 6, 0.8260443806648254, 0.42927590012550354
15, 1, 0.8473692536354065, 0.41788893938064575
15, 0, 0.8286929130554199, 0.44000089168548584
15, 13, 0.6597627997398376, 1.0216217041015625
15, 4, 0.8108444213867188, 0.4935370683670044
15, 14, 0.8528051376342773, 0.3960739076137543
15, 2, 0.8470945358276367, 0.4003591537475586
15, 3, 0.8023898601531982, 0.5108142495155334
15, 17, 0.7938226461410522, 0.48939016461372375
15, 20, 0.8336113691329956, 0.43871116638183594
15, 23, 0.8726595640182495, 0.33313533663749695
15, 12, 0.8403714299201965, 0.4694097340106964
15, 8, 0.7323241233825684, 0.7452777624130249
15, 5, 0.8538287281990051, 0.39177772402763367
15, 9, 0.8112876415252686, 0.471981018781662
15, 21, 0.7114046216011047, 0.7198808789253235
15, 10, 0.8615397810935974, 0.3570069968700409
15, 18, 0.5783877968788147, 1.3322314023971558
15, 22, 0.8092008829116821, 0.4596123993396759
15, 15, 0.8111433982849121, 0.5003913044929504
16, 6, 0.8245757222175598, 0.42805057764053345
16, 23, 0.8767768144607544, 0.3304297924041748
16, 19, 0.8222282528877258, 0.4352880120277405
16, 21, 0.7199714183807373, 0.7499575018882751
16, 10, 0.8644067645072937, 0.3656718134880066
16, 20, 0.836004912853241, 0.43934279680252075
16, 4, 0.8454623818397522, 0.41513627767562866
16, 11, 0.7213622331619263, 0.688279390335083
16, 9, 0.8105351328849792, 0.4630550742149353
16, 7, 0.7325045466423035, 0.6648168563842773
16, 14, 0.8613844513893127, 0.3791538178920746
16, 12, 0.8629521131515503, 0.37362217903137207
16, 13, 0.7487165927886963, 0.7529714107513428
16, 1, 0.8445620536804199, 0.41700077056884766
16, 5, 0.8605442047119141, 0.3734288215637207
16, 17, 0.803852915763855, 0.48693734407424927
16, 8, 0.712985634803772, 0.8282796740531921
16, 3, 0.783841609954834, 0.5541465878486633
16, 22, 0.8172653913497925, 0.45239683985710144
16, 2, 0.8299896121025085, 0.4249577224254608
16, 16, 0.8325530886650085, 0.41440993547439575
16, 15, 0.8252828121185303, 0.457626610994339
16, 0, 0.8602262735366821, 0.3686482608318329
16, 18, 0.6703265905380249, 1.0737049579620361
17, 10, 0.8773083686828613, 0.3324911296367645
17, 6, 0.8156005144119263, 0.4700072705745697
17, 21, 0.7288952469825745, 0.6978203058242798
17, 12, 0.8639296293258667, 0.36797675490379333
17, 14, 0.8581041097640991, 0.3816121518611908
17, 8, 0.724973738193512, 0.7852638363838196
17, 15, 0.8306328058242798, 0.4604630172252655
17, 19, 0.8396337628364563, 0.4017735719680786
17, 4, 0.8383857607841492, 0.40902891755104065
17, 20, 0.8304199576377869, 0.444441556930542
17, 5, 0.8573172688484192, 0.40754032135009766
17, 2, 0.8224762082099915, 0.4585809111595154
17, 23, 0.883148729801178, 0.31453844904899597
17, 7, 0.7164498567581177, 0.7255951762199402
17, 3, 0.8082753419876099, 0.49943065643310547
17, 13, 0.7191538214683533, 0.8610018491744995
17, 22, 0.7898643612861633, 0.518939197063446
17, 16, 0.8176989555358887, 0.4512387216091156
17, 18, 0.5918693542480469, 1.2618077993392944
17, 9, 0.818394660949707, 0.4505113959312439
17, 11, 0.7461300492286682, 0.6231738924980164
17, 0, 0.8615100979804993, 0.36909595131874084
17, 17, 0.8006686568260193, 0.5017281174659729
17, 1, 0.8542669415473938, 0.3876032531261444
18, 3, 0.8052434325218201, 0.49427905678749084
18, 4, 0.8433585166931152, 0.40816614031791687
18, 16, 0.8183291554450989, 0.4339192509651184
18, 13, 0.7446450591087341, 0.7432986497879028
18, 0, 0.8676883578300476, 0.36186036467552185
18, 9, 0.8136287331581116, 0.470807284116745
18, 10, 0.8756219148635864, 0.3429192006587982
18, 19, 0.8425346612930298, 0.41029250621795654
18, 11, 0.7448166012763977, 0.6397040486335754
18, 22, 0.8069097995758057, 0.43880215287208557
18, 12, 0.866568922996521, 0.3646436333656311
18, 8, 0.7310990691184998, 0.8156720995903015
18, 1, 0.8598812818527222, 0.3755938708782196
18, 15, 0.8136655688285828, 0.5012383460998535
18, 23, 0.8872659802436829, 0.3128552734851837
18, 20, 0.8285341262817383, 0.45585858821868896
18, 21, 0.7350526452064514, 0.7455965876579285
18, 2, 0.8638797998428345, 0.3562581241130829
18, 14, 0.8581041097640991, 0.38270604610443115
18, 5, 0.8560962677001953, 0.39558061957359314
18, 6, 0.848808765411377, 0.371986448764801
18, 17, 0.7918325066566467, 0.5128620862960815
18, 18, 0.6088950634002686, 1.1227459907531738
18, 7, 0.7405730485916138, 0.6675606966018677
19, 22, 0.8225806355476379, 0.4473170340061188
19, 6, 0.8377121686935425, 0.3984123170375824
19, 12, 0.8615835905075073, 0.38332170248031616
19, 7, 0.7528404593467712, 0.6438666582107544
19, 0, 0.8755516409873962, 0.34685835242271423
19, 14, 0.8572630286216736, 0.3743796646595001
19, 17, 0.7947779297828674, 0.505781352519989
19, 10, 0.8692132830619812, 0.34139934182167053
19, 9, 0.8180602192878723, 0.4476366639137268
19, 8, 0.7477248907089233, 0.672232985496521
19, 19, 0.833016037940979, 0.4293651282787323
19, 13, 0.6879978775978088, 0.9124815464019775
19, 2, 0.8767484426498413, 0.3285852074623108
19, 15, 0.8501222729682922, 0.4137919247150421
19, 16, 0.8477673530578613, 0.3849855959415436
19, 23, 0.8922654390335083, 0.2998759150505066
19, 20, 0.8595053553581238, 0.3923610746860504
19, 11, 0.7237076759338379, 0.6821874976158142
19, 3, 0.8135366439819336, 0.4821704626083374
19, 18, 0.613898515701294, 1.134368896484375
19, 4, 0.8664053082466125, 0.36737582087516785
19, 21, 0.7369266748428345, 0.6528173685073853
19, 5, 0.8646432757377625, 0.37938550114631653
19, 1, 0.8710298538208008, 0.3583141565322876
20, 4, 0.8586592674255371, 0.3772319555282593
20, 0, 0.8684104681015015, 0.37824174761772156
20, 22, 0.8144245147705078, 0.4652690589427948
20, 9, 0.8180602192878723, 0.45230892300605774
20, 20, 0.8296220898628235, 0.45098838210105896
20, 21, 0.7364804744720459, 0.7130129933357239
20, 7, 0.7311872243881226, 0.6821429133415222
20, 5, 0.8698761463165283, 0.36606094241142273
20, 14, 0.8649171590805054, 0.37600263953208923
20, 6, 0.8393439650535583, 0.3929494023323059
20, 23, 0.8902068138122559, 0.3024941682815552
20, 10, 0.8924024105072021, 0.3005434572696686
20, 12, 0.8710654973983765, 0.350553959608078
20, 16, 0.858570396900177, 0.3688749372959137
20, 2, 0.8641995191574097, 0.3825141191482544
20, 3, 0.8147850632667542, 0.48079487681388855
20, 19, 0.8499682545661926, 0.3782155513763428
20, 11, 0.7296181917190552, 0.6627548933029175
20, 17, 0.8028180003166199, 0.47999775409698486
20, 13, 0.6947247385978699, 0.8989650011062622
20, 8, 0.7418621182441711, 0.8662979006767273
20, 1, 0.8657363057136536, 0.36357149481773376
20, 15, 0.8274992108345032, 0.4731655716896057
20, 18, 0.6292564272880554, 1.1515724658966064
21, 12, 0.8760508298873901, 0.33647698163986206
21, 6, 0.855254590511322, 0.36801111698150635
21, 3, 0.812555730342865, 0.4843047261238098
21, 22, 0.8430168628692627, 0.3939347267150879
21, 7, 0.6550304889678955, 0.9973160028457642
21, 8, 0.7483373880386353, 0.6863827109336853
21, 5, 0.8774638175964355, 0.3847387135028839
21, 23, 0.8943240642547607, 0.2890866696834564
21, 4, 0.868413507938385, 0.37318211793899536
21, 10, 0.8731765151023865, 0.3640481233596802
21, 11, 0.7337461113929749, 0.6625747680664062
21, 13, 0.693397045135498, 0.8927128911018372
21, 19, 0.8563140034675598, 0.3768104612827301
21, 18, 0.7116747498512268, 0.9384378790855408
21, 15, 0.8479822874069214, 0.4197908043861389
21, 1, 0.852181613445282, 0.39876052737236023
21, 2, 0.837343156337738, 0.47740980982780457
21, 21, 0.739068329334259, 0.6601050496101379
21, 14, 0.8614686131477356, 0.3735320270061493
21, 0, 0.8600658178329468, 0.3956112861633301
21, 9, 0.8253344297409058, 0.42529359459877014
21, 17, 0.8153160214424133, 0.46416130661964417
21, 20, 0.8670486807823181, 0.3796495199203491
21, 16, 0.8468671441078186, 0.3983919024467468
22, 14, 0.8705525994300842, 0.35011836886405945
22, 13, 0.7133120894432068, 0.847225546836853
22, 21, 0.7414777874946594, 0.6767961382865906
22, 17, 0.8122910261154175, 0.4636402130126953
22, 22, 0.8459494113922119, 0.40483567118644714
22, 15, 0.85944664478302, 0.3984934687614441
22, 2, 0.884821355342865, 0.3047310709953308
22, 3, 0.81728196144104, 0.468808114528656
22, 23, 0.8944221138954163, 0.2885892987251282
22, 8, 0.7542002201080322, 0.7396828532218933
22, 1, 0.8622072339057922, 0.38001373410224915
22, 6, 0.8533779382705688, 0.36277472972869873
22, 18, 0.7232800722122192, 1.005275011062622
22, 5, 0.8805162906646729, 0.3322310745716095
22, 19, 0.8641102313995361, 0.35444703698158264
22, 12, 0.8753665685653687, 0.3335009515285492
22, 7, 0.7283879518508911, 0.7024385929107666
22, 16, 0.8553295135498047, 0.3728959560394287
22, 10, 0.8721646070480347, 0.33029091358184814
22, 0, 0.8780390024185181, 0.33498138189315796
22, 4, 0.8561729192733765, 0.4006602466106415
22, 9, 0.8203177452087402, 0.45141226053237915
22, 11, 0.7391875386238098, 0.6367510557174683
22, 20, 0.8769855499267578, 0.3487764298915863
23, 0, 0.8634357452392578, 0.3670421838760376
23, 14, 0.8669358491897583, 0.35772356390953064
23, 5, 0.8881911635398865, 0.3164101839065552
23, 7, 0.7208957672119141, 0.7108176350593567
23, 19, 0.8675550818443298, 0.3496289849281311
23, 22, 0.8549303412437439, 0.3800675868988037
23, 21, 0.7436195015907288, 0.6419669985771179
23, 13, 0.6679058074951172, 0.9833231568336487
23, 23, 0.8926575779914856, 0.3479578495025635
23, 20, 0.8727061748504639, 0.3522784113883972
23, 15, 0.8397279381752014, 0.4361173212528229
23, 11, 0.7322450280189514, 0.6576822996139526
23, 8, 0.7530626654624939, 0.692131519317627
23, 2, 0.884022057056427, 0.3355857729911804
23, 9, 0.813043475151062, 0.4909680187702179
23, 12, 0.8729227781295776, 0.34140434861183167
23, 17, 0.8056837916374207, 0.5012715458869934
23, 16, 0.8414655923843384, 0.4088306725025177
23, 4, 0.8719518184661865, 0.35245949029922485
23, 6, 0.8531331419944763, 0.3725111186504364
23, 10, 0.8628889322280884, 0.3418366312980652
23, 3, 0.817192792892456, 0.47161009907722473
23, 18, 0.7154273986816406, 0.9571295976638794
23, 1, 0.873676598072052, 0.34484049677848816
24, 12, 0.8775171041488647, 0.32610148191452026
24, 7, 0.6942203044891357, 0.7937928438186646
24, 6, 0.8525620102882385, 0.35887786746025085
24, 2, 0.8929741978645325, 0.29104503989219666
24, 0, 0.8725026249885559, 0.3445573151111603
24, 14, 0.8702161908149719, 0.34946390986442566
24, 21, 0.7349634170532227, 0.6533490419387817
24, 11, 0.7262407541275024, 0.6506341695785522
24, 4, 0.8667877912521362, 0.36365047097206116
24, 20, 0.8484804630279541, 0.4153519570827484
24, 5, 0.8900226950645447, 0.3212561309337616
24, 19, 0.8485178351402283, 0.37981104850769043
24, 8, 0.7577878832817078, 0.6536046862602234
24, 13, 0.6539210677146912, 1.0461044311523438
24, 15, 0.8602873682975769, 0.3933151066303253
24, 16, 0.8583003282546997, 0.38090887665748596
24, 10, 0.8873429298400879, 0.3075425922870636
24, 22, 0.8410923480987549, 0.40230822563171387
24, 3, 0.8249509334564209, 0.4529327154159546
24, 1, 0.8814565539360046, 0.3332856297492981
24, 23, 0.8975590467453003, 0.2932848036289215
24, 18, 0.6945101022720337, 1.0277680158615112
24, 17, 0.8263015151023865, 0.4364677667617798
24, 9, 0.8192307949066162, 0.4566459059715271
25, 7, 0.6963609457015991, 0.78914874792099
25, 17, 0.8086292147636414, 0.4843790531158447
25, 10, 0.8973774909973145, 0.2726795971393585
25, 22, 0.8465909361839294, 0.39088761806488037
25, 2, 0.8781871795654297, 0.3273282051086426
25, 3, 0.8249509334564209, 0.4626474380493164
25, 11, 0.7244582176208496, 0.6508836150169373
25, 19, 0.8563140034675598, 0.36739858984947205
25, 0, 0.8777982592582703, 0.33852705359458923
25, 5, 0.8886272311210632, 0.3088706433773041
25, 8, 0.7493874430656433, 0.663705587387085
25, 4, 0.8763507604598999, 0.33390310406684875
25, 20, 0.8786538243293762, 0.33489301800727844
25, 18, 0.7104933857917786, 0.8978936672210693
25, 23, 0.9035388827323914, 0.275782972574234
25, 1, 0.874639093875885, 0.3427583575248718
25, 12, 0.880156397819519, 0.3231394588947296
25, 21, 0.7539710998535156, 0.6092013120651245
25, 6, 0.8421997427940369, 0.3872036337852478
25, 14, 0.8634031414985657, 0.36362704634666443
25, 16, 0.8709038496017456, 0.3517295718193054
25, 9, 0.8307692408561707, 0.41779881715774536
25, 13, 0.6319702863693237, 1.170089602470398
25, 15, 0.8627331256866455, 0.38478022813796997
26, 4, 0.8570335507392883, 0.3776467740535736
26, 0, 0.8748294711112976, 0.33831021189689636
26, 11, 0.7476311326026917, 0.6071909666061401
26, 5, 0.8805162906646729, 0.3264743387699127
26, 14, 0.876356303691864, 0.34201914072036743
26, 3, 0.8266452550888062, 0.44637006521224976
26, 2, 0.898729145526886, 0.28189003467559814
26, 8, 0.7281239032745361, 0.6851493120193481
26, 7, 0.7112629413604736, 0.7463042140007019
26, 6, 0.8724706172943115, 0.33457109332084656
26, 16, 0.873334527015686, 0.3390229344367981
26, 19, 0.8680989742279053, 0.3601139187812805
26, 15, 0.8559309244155884, 0.4007645845413208
26, 12, 0.8797653913497925, 0.32118505239486694
26, 23, 0.8948142528533936, 0.29345136880874634
26, 13, 0.6724199056625366, 0.9181506037712097
26, 21, 0.7254149317741394, 0.6538052558898926
26, 22, 0.860062301158905, 0.37231892347335815
26, 17, 0.8348988890647888, 0.4114474952220917
26, 10, 0.9017623662948608, 0.2745257616043091
26, 20, 0.8790889978408813, 0.3413775563240051
26, 1, 0.8751202821731567, 0.34688058495521545
26, 18, 0.7018067836761475, 0.9446495771408081
26, 9, 0.8343645334243774, 0.4117000997066498
27, 6, 0.8542754650115967, 0.3545359671115875
27, 4, 0.8764464259147644, 0.35092487931251526
27, 21, 0.738711416721344, 0.6578845381736755
27, 16, 0.8722542524337769, 0.3456750810146332
27, 3, 0.8309256434440613, 0.4427795112133026
27, 0, 0.8803659081459045, 0.3276924788951874
27, 23, 0.9055975079536438, 0.2679941654205322
27, 12, 0.8798631429672241, 0.3302083909511566
27, 11, 0.7230509519577026, 0.7157129645347595
27, 19, 0.8643822073936462, 0.36049434542655945
27, 22, 0.8563966155052185, 0.37489548325538635
27, 10, 0.8994013071060181, 0.2863183617591858
27, 17, 0.8402324318885803, 0.41170620918273926
27, 8, 0.7478123903274536, 0.7955098748207092
27, 20, 0.8737941384315491, 0.34438788890838623
27, 9, 0.8319398164749146, 0.4222736656665802
27, 7, 0.7281409502029419, 0.6855272650718689
27, 15, 0.866783857345581, 0.3766550123691559
27, 14, 0.8680292963981628, 0.36524221301078796
27, 13, 0.7157903909683228, 0.8527427911758423
27, 1, 0.885707437992096, 0.31842362880706787
27, 5, 0.8928135633468628, 0.3076627850532532
27, 18, 0.6347463726997375, 1.125512957572937
27, 2, 0.8829829692840576, 0.3117136061191559
28, 21, 0.7498661279678345, 0.6394367814064026
28, 22, 0.858137845993042, 0.3684573471546173
28, 13, 0.6320587992668152, 1.1831666231155396
28, 16, 0.8736045956611633, 0.34484291076660156
28, 5, 0.8868829607963562, 0.3193594217300415
28, 3, 0.8277153372764587, 0.4510309398174286
28, 4, 0.868126630783081, 0.3545292019844055
28, 8, 0.7562128305435181, 0.6229419112205505
28, 10, 0.8979678153991699, 0.27710410952568054
28, 23, 0.8944221138954163, 0.2913281321525574
28, 2, 0.8960914611816406, 0.27916380763053894
28, 14, 0.8772815465927124, 0.3347164988517761
28, 15, 0.8633445501327515, 0.39639395475387573
28, 7, 0.7116746306419373, 0.7495513558387756
28, 1, 0.8867501020431519, 0.31326496601104736
28, 9, 0.8329431414604187, 0.4213871955871582
28, 20, 0.8706027269363403, 0.36324042081832886
28, 19, 0.8748073577880859, 0.33852505683898926
28, 11, 0.7263345718383789, 0.6756283640861511
28, 17, 0.825585126876831, 0.4299412667751312
28, 6, 0.8618635535240173, 0.3539658486843109
28, 0, 0.8650405406951904, 0.35381433367729187
28, 12, 0.8684262037277222, 0.35830044746398926
28, 18, 0.7175121903419495, 0.8575701713562012
29, 11, 0.7370297312736511, 0.6472931504249573
29, 10, 0.8945105075836182, 0.28355658054351807
29, 22, 0.8547470569610596, 0.39250555634498596
29, 23, 0.9013822078704834, 0.27363431453704834
29, 4, 0.8779764771461487, 0.3264395594596863
29, 2, 0.8993685841560364, 0.27678078413009644
29, 21, 0.7414777874946594, 0.6441452503204346
29, 8, 0.741424560546875, 0.6405369639396667
29, 0, 0.8904758095741272, 0.3066728711128235
29, 9, 0.8331103920936584, 0.41021573543548584
29, 1, 0.8823387622833252, 0.33427077531814575
29, 17, 0.8424614071846008, 0.4101382791996002
29, 12, 0.8825024366378784, 0.3146350681781769
29, 18, 0.7369006276130676, 0.8718973994255066
29, 7, 0.7170261740684509, 0.7065536379814148
29, 6, 0.8679014444351196, 0.3367692828178406
29, 14, 0.8544032573699951, 0.4026492238044739
29, 20, 0.8765503764152527, 0.33940792083740234
29, 5, 0.8901098966598511, 0.30971068143844604
29, 13, 0.6703841090202332, 0.9976115226745605
29, 16, 0.8727043867111206, 0.3480473756790161
29, 19, 0.8755325675010681, 0.3370060920715332
29, 3, 0.8261994123458862, 0.44286927580833435
29, 15, 0.866401731967926, 0.3826068639755249
30, 23, 0.9042250514030457, 0.270831435918808
30, 8, 0.7442247271537781, 0.656524121761322
30, 13, 0.6967604756355286, 0.9207834601402283
30, 16, 0.8730644583702087, 0.3461192846298218
30, 3, 0.8303014039993286, 0.4504687488079071
30, 19, 0.8737195134162903, 0.335878849029541
30, 17, 0.8188186883926392, 0.47008323669433594
30, 12, 0.8821114301681519, 0.3239124119281769
30, 7, 0.7630495429039001, 0.5770047903060913
30, 15, 0.8751146197319031, 0.35949060320854187
30, 6, 0.8724706172943115, 0.3220929801464081
30, 10, 0.8981364369392395, 0.2741360068321228
30, 18, 0.7222376465797424, 0.8822900056838989
30, 9, 0.8323578834533691, 0.4155610203742981
30, 5, 0.8993546366691589, 0.2803620398044586
30, 4, 0.8747250437736511, 0.3360695540904999
30, 14, 0.8753469586372375, 0.33758866786956787
30, 21, 0.7539710998535156, 0.6158666014671326
30, 11, 0.7069143652915955, 0.7870745658874512
30, 0, 0.8859825134277344, 0.30819398164749146
30, 1, 0.8878729343414307, 0.30503973364830017
30, 22, 0.8607038259506226, 0.361043781042099
30, 2, 0.8802653551101685, 0.3202430009841919
30, 20, 0.8813374638557434, 0.3326576054096222
31, 16, 0.8798163533210754, 0.32572290301322937
31, 5, 0.8941217660903931, 0.29101964831352234
31, 22, 0.8675769567489624, 0.34960201382637024
31, 8, 0.7392369508743286, 0.660537600517273
31, 1, 0.8771254420280457, 0.35147008299827576
31, 6, 0.8728786110877991, 0.32638442516326904
31, 17, 0.850501537322998, 0.39451277256011963
31, 4, 0.8832361102104187, 0.31862151622772217
31, 3, 0.834314227104187, 0.43212029337882996
31, 12, 0.8808406591415405, 0.32884538173675537
31, 18, 0.7350243330001831, 0.8280982375144958
31, 2, 0.8914555311203003, 0.29033157229423523
31, 21, 0.7247010469436646, 0.6941425800323486
31, 23, 0.9054994583129883, 0.26514682173728943
31, 15, 0.8707581758499146, 0.35906946659088135
31, 13, 0.6401132941246033, 1.1784813404083252
31, 20, 0.878943920135498, 0.3497876822948456
31, 11, 0.7560746669769287, 0.6043229103088379
31, 19, 0.8263076543807983, 0.4077644646167755
31, 7, 0.7069817185401917, 0.7228715419769287
31, 10, 0.8934142589569092, 0.2837579548358917
31, 9, 0.834782600402832, 0.40684381127357483
31, 0, 0.8903153538703918, 0.29861676692962646
31, 14, 0.8726553916931152, 0.35025763511657715
32, 16, 0.8647821545600891, 0.35161110758781433
32, 13, 0.7013630867004395, 0.8916028738021851
32, 8, 0.7317115664482117, 0.6893474459648132
32, 23, 0.9080482125282288, 0.25735270977020264
32, 6, 0.8676566481590271, 0.34557241201400757
32, 12, 0.8918865919113159, 0.287689745426178
32, 0, 0.8875872492790222, 0.330437034368515
32, 7, 0.7208957672119141, 0.6955371499061584
32, 15, 0.8797768354415894, 0.34825748205184937
32, 22, 0.8771994113922119, 0.3364298343658447
32, 4, 0.8854355812072754, 0.31286996603012085
32, 14, 0.8780385255813599, 0.3382910192012787
32, 3, 0.8317282199859619, 0.4371753931045532
32, 19, 0.8773456811904907, 0.3346099555492401
32, 1, 0.8913217782974243, 0.3003239929676056
32, 5, 0.8916797637939453, 0.2955554127693176
32, 9, 0.8362876176834106, 0.40667787194252014
32, 2, 0.8950523734092712, 0.2959325611591339
32, 11, 0.7118866443634033, 0.7160004377365112
32, 10, 0.8954380750656128, 0.300042062997818
32, 21, 0.740674614906311, 0.6603065133094788
32, 17, 0.8433370590209961, 0.4166496992111206
32, 20, 0.8915644884109497, 0.3142784833908081
32, 18, 0.7378734946250916, 0.8277802467346191
33, 23, 0.907263994216919, 0.26344040036201477
33, 20, 0.8817001581192017, 0.33325982093811035
33, 3, 0.8316390514373779, 0.44496917724609375
33, 13, 0.6640113592147827, 1.0480018854141235
33, 21, 0.7525432705879211, 0.6134182214736938
33, 7, 0.7219660878181458, 0.6964878439903259
33, 11, 0.7363730072975159, 0.6643723249435425
33, 16, 0.868113100528717, 0.34025731682777405
33, 19, 0.8755325675010681, 0.3361327350139618
33, 0, 0.8924817442893982, 0.2917974889278412
33, 4, 0.8878263235092163, 0.30593863129615784
33, 22, 0.8741751909255981, 0.3370382487773895
33, 12, 0.8924731016159058, 0.29983383417129517
33, 2, 0.8827431797981262, 0.32013705372810364
33, 8, 0.7451872825622559, 0.6296603083610535
33, 5, 0.8939473032951355, 0.30597570538520813
33, 14, 0.8779544234275818, 0.3315851390361786
33, 18, 0.7131341099739075, 0.8647377490997314
33, 1, 0.8938883543014526, 0.29761818051338196
33, 9, 0.833695650100708, 0.42211177945137024
33, 10, 0.8938359022140503, 0.2805696129798889
33, 17, 0.8436554670333862, 0.40072524547576904
33, 6, 0.8737761378288269, 0.3248370289802551
33, 15, 0.8628095388412476, 0.38904324173927307
34, 3, 0.8281612396240234, 0.45411014556884766
34, 15, 0.8688474297523499, 0.369937539100647
34, 12, 0.8855327367782593, 0.3064870834350586
34, 10, 0.901087760925293, 0.2670624554157257
34, 23, 0.9117733836174011, 0.2535492777824402
34, 4, 0.8942335247993469, 0.30449366569519043
34, 20, 0.8785087466239929, 0.3453519344329834
34, 22, 0.8666605353355408, 0.3490830063819885
34, 13, 0.6857851147651672, 0.9334712028503418
34, 0, 0.8864639401435852, 0.324663907289505
34, 19, 0.8717251420021057, 0.3420650362968445
34, 14, 0.8783749938011169, 0.32216233015060425
34, 6, 0.8675750494003296, 0.32987216114997864
34, 8, 0.7514875531196594, 0.648149847984314
34, 11, 0.7161084413528442, 0.7753394842147827
34, 9, 0.8404682278633118, 0.39587193727493286
34, 18, 0.7273106575012207, 0.8365111947059631
34, 17, 0.8234357833862305, 0.4363006353378296
34, 5, 0.9014477729797363, 0.2790510058403015
34, 16, 0.8752250671386719, 0.3343099057674408
34, 21, 0.7449580430984497, 0.6547431945800781
34, 1, 0.8943696022033691, 0.3091309368610382
34, 2, 0.9030452966690063, 0.26713740825653076
34, 7, 0.7232010364532471, 0.6795266270637512
35, 7, 0.7143915891647339, 0.7063379287719727
35, 11, 0.7300872206687927, 0.6799471378326416
35, 23, 0.9047152400016785, 0.2648843824863434
35, 5, 0.904849112033844, 0.2752765715122223
35, 22, 0.8821480870246887, 0.32693231105804443
35, 13, 0.7048150300979614, 0.8750576376914978
35, 19, 0.8811531066894531, 0.3230116069316864
35, 4, 0.8868700265884399, 0.32169950008392334
35, 12, 0.8899315595626831, 0.2949575185775757
35, 8, 0.7401120066642761, 0.6744239330291748
35, 21, 0.7454042434692383, 0.656618595123291
35, 3, 0.8321740627288818, 0.43548649549484253
35, 6, 0.8731233477592468, 0.32698798179626465
35, 20, 0.8888083100318909, 0.31274017691612244
35, 10, 0.9034488797187805, 0.2790265381336212
35, 15, 0.8690767288208008, 0.38421282172203064
35, 16, 0.8763954043388367, 0.350584477186203
35, 18, 0.7132731080055237, 0.8594064116477966
35, 0, 0.8808473348617554, 0.3286207914352417
35, 14, 0.8726553916931152, 0.3414098024368286
35, 17, 0.8535265326499939, 0.3889533281326294
35, 1, 0.8953320384025574, 0.2866148352622986
35, 2, 0.9049636125564575, 0.26433026790618896
35, 9, 0.8377090096473694, 0.39761024713516235
36, 19, 0.8652887344360352, 0.3587349057197571
36, 3, 0.8385946154594421, 0.4214244782924652
36, 6, 0.8817722201347351, 0.3048135042190552
36, 14, 0.8830851912498474, 0.3198046088218689
36, 21, 0.741923987865448, 0.6282925009727478
36, 23, 0.9071659445762634, 0.26100271940231323
36, 7, 0.7213897705078125, 0.6876787543296814
36, 22, 0.8746334314346313, 0.3368110954761505
36, 9, 0.8416388034820557, 0.3966287672519684
36, 12, 0.8906158208847046, 0.29428622126579285
36, 10, 0.9048823714256287, 0.2691580057144165
36, 11, 0.7226756811141968, 0.6888514161109924
36, 15, 0.8800825476646423, 0.3479565680027008
36, 13, 0.6305540800094604, 1.2907565832138062
36, 16, 0.8632516860961914, 0.3573278486728668
36, 18, 0.7352328300476074, 0.774783194065094
36, 0, 0.8856615424156189, 0.3086096942424774
36, 17, 0.8488298058509827, 0.4003641605377197
36, 20, 0.8888083100318909, 0.3090880513191223
36, 4, 0.8889738917350769, 0.34943991899490356
36, 8, 0.7443997263908386, 0.6460793614387512
36, 1, 0.8762431740760803, 0.34484991431236267
36, 2, 0.9107984900474548, 0.2568284571170807
36, 5, 0.9047619104385376, 0.27595803141593933
37, 11, 0.7405948042869568, 0.6628821492195129
37, 12, 0.8935483694076538, 0.28958138823509216
37, 6, 0.8497878313064575, 0.37934938073158264
37, 14, 0.8766086101531982, 0.3388259708881378
37, 0, 0.8894327282905579, 0.30297940969467163
37, 20, 0.9034597873687744, 0.284028023481369
37, 10, 0.8886921405792236, 0.2901719808578491
37, 23, 0.9065777659416199, 0.263477087020874
37, 16, 0.8854879140853882, 0.31334877014160156
37, 4, 0.9008319973945618, 0.28118234872817993
37, 5, 0.8973487019538879, 0.2834387719631195
37, 15, 0.8794711232185364, 0.33914753794670105
37, 3, 0.84135901927948, 0.42373159527778625
37, 7, 0.7283056378364563, 0.6901633143424988
37, 9, 0.8397157192230225, 0.3955255448818207
37, 8, 0.7326741218566895, 0.6919304728507996
37, 2, 0.9095995426177979, 0.262993186712265
37, 21, 0.7407639026641846, 0.7025737762451172
37, 22, 0.881506621837616, 0.3256166875362396
37, 1, 0.8850657939910889, 0.3133540749549866
37, 13, 0.7472118735313416, 0.7556523680686951
37, 18, 0.6501042246818542, 1.0202966928482056
37, 17, 0.8343416452407837, 0.42353585362434387
37, 19, 0.8805185556411743, 0.3162612020969391
38, 3, 0.8427857756614685, 0.41318047046661377
38, 7, 0.708793044090271, 0.7738532423973083
38, 8, 0.7508750557899475, 0.6633520126342773
38, 19, 0.8744447231292725, 0.3322610855102539
38, 0, 0.8752306699752808, 0.340805321931839
38, 9, 0.842391312122345, 0.38861173391342163
38, 17, 0.842779815196991, 0.4095834195613861
38, 16, 0.8845877051353455, 0.30948683619499207
38, 14, 0.8781226277351379, 0.32868608832359314
38, 6, 0.8692885041236877, 0.34278303384780884
38, 22, 0.8942448496818542, 0.3007493317127228
38, 5, 0.9042386412620544, 0.279387891292572
38, 15, 0.8770253658294678, 0.3413713872432709
38, 18, 0.7442668676376343, 0.7911165952682495
38, 12, 0.8896383047103882, 0.300146222114563
38, 1, 0.8920436501502991, 0.30525895953178406
38, 10, 0.8758748769760132, 0.31442856788635254
38, 13, 0.6579040288925171, 1.1377480030059814
38, 4, 0.8807497620582581, 0.31425756216049194
38, 23, 0.9021664261817932, 0.2708990275859833
38, 20, 0.896859347820282, 0.297044575214386
38, 11, 0.7317759394645691, 0.694162905216217
38, 21, 0.7494199275970459, 0.6722936630249023
38, 2, 0.9011269807815552, 0.28708118200302124
39, 23, 0.904617190361023, 0.26244640350341797
39, 22, 0.8768328428268433, 0.33647072315216064
39, 16, 0.8697335124015808, 0.34574663639068604
39, 13, 0.6753407716751099, 1.046635627746582
39, 8, 0.7493874430656433, 0.6616537570953369
39, 5, 0.8983080387115479, 0.30262404680252075
39, 18, 0.689854085445404, 0.8950137495994568
39, 17, 0.8302817940711975, 0.42533785104751587
39, 10, 0.9110380411148071, 0.24619172513484955
39, 12, 0.8972629308700562, 0.2806713283061981
39, 3, 0.8377028703689575, 0.42180684208869934
39, 15, 0.8787832260131836, 0.3406825363636017
39, 0, 0.8903153538703918, 0.30199500918388367
39, 7, 0.7370327711105347, 0.6608043313026428
39, 6, 0.8766318559646606, 0.30872052907943726
39, 19, 0.886048436164856, 0.3076040744781494
39, 11, 0.7404071688652039, 0.6707782745361328
39, 1, 0.8942893743515015, 0.29241907596588135
39, 4, 0.8747250437736511, 0.34299349784851074
39, 20, 0.8974395990371704, 0.29745134711265564
39, 21, 0.740317702293396, 0.6660729646682739
39, 9, 0.8386287689208984, 0.4006180167198181
39, 2, 0.9085604548454285, 0.25464797019958496
39, 14, 0.888720691204071, 0.31020331382751465
40, 12, 0.8966764211654663, 0.28188517689704895
40, 7, 0.7387617230415344, 0.6538664102554321
40, 22, 0.8427419066429138, 0.4200122654438019
40, 10, 0.909267246723175, 0.2585121691226959
40, 19, 0.8770737051963806, 0.3294379413127899
40, 0, 0.8912782073020935, 0.29793769121170044
40, 1, 0.8924446702003479, 0.2987687289714813
40, 3, 0.8404672741889954, 0.41917213797569275
40, 6, 0.8462793827056885, 0.3945980370044708
40, 11, 0.7149826288223267, 0.7459174990653992
40, 21, 0.6791897416114807, 0.723514974117279
40, 23, 0.9081462621688843, 0.25478917360305786
40, 13, 0.6288723945617676, 1.2921953201293945
40, 5, 0.8917669653892517, 0.2994033992290497
40, 15, 0.8803882598876953, 0.34424981474876404
40, 4, 0.8843836784362793, 0.31682032346725464
40, 20, 0.8881555199623108, 0.3146749436855316
40, 14, 0.8780385255813599, 0.32796207070350647
40, 18, 0.740861713886261, 0.8717286586761475
40, 2, 0.9108784198760986, 0.2400984913110733
40, 9, 0.8395484685897827, 0.40510663390159607
40, 8, 0.7471998333930969, 0.6743659377098083
40, 17, 0.8451679944992065, 0.3973205089569092
40, 16, 0.862621545791626, 0.3531324863433838
41, 11, 0.6957500576972961, 0.8001835346221924
41, 23, 0.9106950163841248, 0.2493748962879181
41, 22, 0.8769245147705078, 0.32661136984825134
41, 19, 0.8728129863739014, 0.34514370560646057
41, 10, 0.911712646484375, 0.24054796993732452
41, 1, 0.8943696022033691, 0.2834552228450775
41, 13, 0.6887944936752319, 0.9563345909118652
41, 3, 0.8452826738357544, 0.41637688875198364
41, 14, 0.8817394375801086, 0.3243347406387329
41, 0, 0.8976169228553772, 0.27852070331573486
41, 6, 0.8786716461181641, 0.31104621291160583
41, 5, 0.9019710421562195, 0.28134629130363464
41, 18, 0.7049340009689331, 0.9246244430541992
41, 12, 0.8699902296066284, 0.3600504994392395
41, 2, 0.9075213670730591, 0.26071885228157043
41, 16, 0.8793662190437317, 0.32788553833961487
41, 8, 0.749299943447113, 0.6861839890480042
41, 7, 0.7413139939308167, 0.6480353474617004
41, 17, 0.8481133580207825, 0.40007033944129944
41, 9, 0.8382943272590637, 0.4046490490436554
41, 20, 0.8830782771110535, 0.3263801634311676
41, 15, 0.8813818693161011, 0.3332788944244385
41, 4, 0.8890694975852966, 0.3032761216163635
41, 21, 0.7513831853866577, 0.6609832048416138
42, 23, 0.8953043818473816, 0.2845432758331299
42, 6, 0.8834856152534485, 0.33330515027046204
42, 20, 0.8969318866729736, 0.29253047704696655
42, 19, 0.8777989149093628, 0.3321322500705719
42, 13, 0.615330159664154, 1.3408764600753784
42, 22, 0.8974523544311523, 0.2921609878540039
42, 2, 0.9170330166816711, 0.23167859017848969
42, 15, 0.874350368976593, 0.3518172800540924
42, 1, 0.9033525586128235, 0.28570160269737244
42, 3, 0.8373461961746216, 0.429631769657135
42, 10, 0.9088456034660339, 0.2512300908565521
42, 4, 0.90264892578125, 0.2720077931880951
42, 14, 0.8819076418876648, 0.3240393102169037
42, 17, 0.853606104850769, 0.38958150148391724
42, 5, 0.8840048909187317, 0.3193175494670868
42, 0, 0.8940062522888184, 0.2786073684692383
42, 8, 0.7423871159553528, 0.6820636987686157
42, 18, 0.7364141941070557, 0.8008962869644165
42, 9, 0.840133786201477, 0.4036185145378113
42, 21, 0.7434409856796265, 0.6582863926887512
42, 11, 0.737217366695404, 0.7068455815315247
42, 7, 0.7119216322898865, 0.7506449818611145
42, 12, 0.8952101469039917, 0.2877509295940399
42, 16, 0.8875585198402405, 0.3101593554019928
43, 16, 0.8865682482719421, 0.31620433926582336
43, 0, 0.893203854560852, 0.29409703612327576
43, 20, 0.8992528915405273, 0.28675347566604614
43, 19, 0.8743540644645691, 0.33346420526504517
43, 10, 0.9029428958892822, 0.2703911364078522
43, 23, 0.9120674729347229, 0.24294380843639374
43, 17, 0.8571087121963501, 0.3784733712673187
43, 3, 0.8436775207519531, 0.4076622426509857
43, 8, 0.7520126104354858, 0.6553507447242737
43, 2, 0.915514349937439, 0.2364758402109146
43, 18, 0.708061158657074, 0.8739462494850159
43, 12, 0.8930596113204956, 0.3006519377231598
43, 5, 0.9033664464950562, 0.27140316367149353
43, 14, 0.8803936243057251, 0.33029696345329285
43, 7, 0.7295405864715576, 0.6886281967163086
43, 21, 0.7382652163505554, 0.6693021059036255
43, 6, 0.8686357736587524, 0.3410855233669281
43, 13, 0.652327835559845, 1.174164056777954
43, 11, 0.7101041078567505, 0.7674404382705688
43, 9, 0.8410534858703613, 0.3967307209968567
43, 4, 0.8768289089202881, 0.31833529472351074
43, 22, 0.899743378162384, 0.2917417883872986
43, 15, 0.8795475363731384, 0.34966179728507996
43, 1, 0.885707437992096, 0.3477707505226135
44, 6, 0.886178195476532, 0.30127426981925964
44, 19, 0.8887680172920227, 0.30346933007240295
44, 10, 0.9090985655784607, 0.24603338539600372
44, 2, 0.9207097887992859, 0.2299685776233673
44, 23, 0.9143221378326416, 0.24263696372509003
44, 8, 0.7395870089530945, 0.6693562865257263
44, 3, 0.8380595445632935, 0.41958528757095337
44, 1, 0.8950914144515991, 0.2901443541049957
44, 15, 0.8813818693161011, 0.3495515286922455
44, 9, 0.8427257537841797, 0.386321097612381
44, 21, 0.7351418733596802, 0.6738678812980652
44, 20, 0.9019365906715393, 0.2944842576980591
44, 12, 0.9007819890975952, 0.2744409739971161
44, 13, 0.68534255027771, 1.0022152662277222
44, 16, 0.8790061473846436, 0.3222082853317261
44, 17, 0.8708008527755737, 0.3525545299053192
44, 0, 0.8892722725868225, 0.29441022872924805
44, 18, 0.7203613519668579, 0.8256635069847107
44, 22, 0.8886547088623047, 0.31875112652778625
44, 14, 0.8747581839561462, 0.34174999594688416
44, 7, 0.7183434963226318, 0.780919075012207
44, 11, 0.7462238669395447, 0.6466701030731201
44, 5, 0.906593382358551, 0.2643457055091858
44, 4, 0.888400137424469, 0.30783993005752563
45, 8, 0.7361742854118347, 0.6782682538032532
45, 1, 0.9091273546218872, 0.2590187191963196
45, 17, 0.8587008714675903, 0.37750518321990967
45, 12, 0.8921798467636108, 0.2917408049106598
45, 5, 0.8969126343727112, 0.28535783290863037
45, 9, 0.8415551781654358, 0.42102333903312683
45, 16, 0.8778358101844788, 0.3206193745136261
45, 15, 0.8859676122665405, 0.3322542905807495
45, 13, 0.6436537504196167, 1.1713142395019531
45, 6, 0.8935215473175049, 0.29449495673179626
45, 23, 0.9034408330917358, 0.26417678594589233
45, 21, 0.7450472712516785, 0.661920964717865
45, 7, 0.7381030917167664, 0.6739934086799622
45, 19, 0.8656513690948486, 0.33774498105049133
45, 3, 0.8356518745422363, 0.46888911724090576
45, 11, 0.7252087593078613, 0.72492516040802
45, 22, 0.8875550031661987, 0.30608731508255005
45, 4, 0.8976761698722839, 0.28389856219291687
45, 2, 0.9151946306228638, 0.2385929673910141
45, 18, 0.7519110441207886, 0.7037575840950012
45, 0, 0.8989007472991943, 0.27406421303749084
45, 14, 0.8858608603477478, 0.3187776803970337
45, 10, 0.9019310474395752, 0.2712800204753876
45, 20, 0.8921447992324829, 0.3049595355987549
46, 23, 0.9094206690788269, 0.2498306930065155
46, 12, 0.9009774923324585, 0.2789875566959381
46, 21, 0.6708905696868896, 0.7880324125289917
46, 4, 0.9006407260894775, 0.2849450707435608
46, 2, 0.910318911075592, 0.24038231372833252
46, 15, 0.87595534324646, 0.3445999324321747
46, 7, 0.7193314433097839, 0.7247365117073059
46, 11, 0.732151210308075, 0.6855639815330505
46, 20, 0.8999056816101074, 0.2921982705593109
46, 8, 0.7296114563941956, 0.7066009640693665
46, 13, 0.6114356517791748, 1.2884482145309448
46, 14, 0.8713937401771545, 0.3572932481765747
46, 6, 0.8909921646118164, 0.2929237186908722
46, 19, 0.8726316690444946, 0.33696892857551575
46, 9, 0.8463210463523865, 0.3876853585243225
46, 5, 0.9017966389656067, 0.2698783278465271
46, 17, 0.8482725620269775, 0.39504435658454895
46, 22, 0.889937698841095, 0.30691370368003845
46, 0, 0.8988205194473267, 0.26910048723220825
46, 16, 0.8862081170082092, 0.30292317271232605
46, 3, 0.846263587474823, 0.4054698944091797
46, 1, 0.9011870622634888, 0.268615186214447
46, 10, 0.9069904685020447, 0.2590964138507843
46, 18, 0.7484363913536072, 0.7121161222457886
47, 1, 0.9076034426689148, 0.2613554298877716
47, 23, 0.9066758155822754, 0.2573220729827881
47, 22, 0.898918628692627, 0.28716838359832764
47, 17, 0.846760094165802, 0.41247960925102234
47, 4, 0.8867744207382202, 0.3047592043876648
47, 11, 0.722112774848938, 0.7517005205154419
47, 20, 0.9009211659431458, 0.2843603193759918
47, 21, 0.7350526452064514, 0.6558353304862976
47, 16, 0.8816168308258057, 0.3127630650997162
47, 19, 0.8838727474212646, 0.31843337416648865
47, 12, 0.8910068273544312, 0.30869588255882263
47, 6, 0.8812010288238525, 0.2982156574726105
47, 18, 0.7403057813644409, 0.7810760736465454
47, 7, 0.7028651237487793, 0.7759040594100952
47, 5, 0.9099075794219971, 0.26349717378616333
47, 0, 0.9003450274467468, 0.26553407311439514
47, 2, 0.9229478240013123, 0.22075392305850983
47, 3, 0.8452826738357544, 0.40708500146865845
47, 15, 0.8771782517433167, 0.3477637767791748
47, 10, 0.8926553726196289, 0.29070132970809937
47, 13, 0.6525048613548279, 1.1293327808380127
47, 8, 0.7419496178627014, 0.6519647836685181
47, 9, 0.8502508401870728, 0.38412076234817505
47, 14, 0.8898982405662537, 0.3026379644870758
48, 13, 0.6925119757652283, 0.9541409611701965
48, 23, 0.9048132300376892, 0.25914034247398376
48, 11, 0.738812267780304, 0.6749740242958069
48, 16, 0.8890889286994934, 0.3048873245716095
48, 9, 0.8453177213668823, 0.39313584566116333
48, 4, 0.8980587124824524, 0.2842906415462494
48, 15, 0.8693824410438538, 0.36845552921295166
48, 7, 0.7093693614006042, 0.7444301247596741
48, 20, 0.8988177180290222, 0.2931880056858063
48, 19, 0.8890399932861328, 0.30563095211982727
48, 22, 0.8956195116043091, 0.2905116677284241
48, 6, 0.8822617530822754, 0.3095182776451111
48, 21, 0.7437087297439575, 0.6684926152229309
48, 8, 0.7401120066642761, 0.6604549884796143
48, 10, 0.8999072313308716, 0.2759714424610138
48, 0, 0.899863600730896, 0.2731844484806061
48, 14, 0.8876272439956665, 0.31172502040863037
48, 3, 0.8418048620223999, 0.41597768664360046
48, 2, 0.9019262790679932, 0.27259311079978943
48, 12, 0.9009774923324585, 0.27818629145622253
48, 5, 0.8917669653892517, 0.3113643527030945
48, 1, 0.9035130143165588, 0.26493558287620544
48, 17, 0.8578251600265503, 0.38813209533691406
48, 18, 0.7303683161735535, 0.8357446789741516
49, 21, 0.6832054257392883, 0.7175355553627014
49, 10, 0.9114596247673035, 0.24445456266403198
49, 12, 0.8984359502792358, 0.284639447927475
49, 2, 0.9179921746253967, 0.23775722086429596
49, 22, 0.8922287225723267, 0.3070446252822876
49, 8, 0.7394119501113892, 0.6647872924804688
49, 11, 0.7462238669395447, 0.6737708449363708
49, 9, 0.8387959599494934, 0.3931942880153656
49, 1, 0.9026307463645935, 0.27737343311309814
49, 20, 0.9020816683769226, 0.28681328892707825
49, 13, 0.6407328844070435, 1.1880409717559814
49, 23, 0.9133418202400208, 0.24681203067302704
49, 3, 0.8408239483833313, 0.4165574610233307
49, 5, 0.9039769768714905, 0.2738181948661804
49, 7, 0.7373620867729187, 0.6899697184562683
49, 16, 0.8865682482719421, 0.3052445948123932
49, 4, 0.8949029445648193, 0.28979164361953735
49, 6, 0.9008648991584778, 0.2763703763484955
49, 0, 0.9005857110023499, 0.2718952000141144
49, 17, 0.8399936556816101, 0.4131591022014618
49, 19, 0.8884053826332092, 0.3050704598426819
49, 18, 0.7469770908355713, 0.7574445009231567
49, 15, 0.8861969113349915, 0.3219567835330963
49, 14, 0.8777861595153809, 0.3363819420337677
50, 19, 0.8856858015060425, 0.31452804803848267
50, 21, 0.6809744834899902, 0.7442643642425537
50, 23, 0.9034408330917358, 0.2657768726348877
50, 13, 0.6348026394844055, 1.264897346496582
50, 16, 0.8734245300292969, 0.32524147629737854
50, 12, 0.8903225660324097, 0.2983376085758209
50, 22, 0.9027675986289978, 0.2750095725059509
50, 10, 0.9108693599700928, 0.24153095483779907
50, 7, 0.7250123620033264, 0.7238955497741699
50, 11, 0.7346842885017395, 0.699502170085907
50, 6, 0.869941234588623, 0.3554932475090027
50, 4, 0.9008319973945618, 0.27598902583122253
50, 9, 0.8484950065612793, 0.3810248374938965
50, 18, 0.7571229934692383, 0.7200859785079956
50, 0, 0.9008264541625977, 0.2700825333595276
50, 20, 0.9066511988639832, 0.2810085415840149
50, 5, 0.9037153124809265, 0.2703284025192261
50, 8, 0.7476373910903931, 0.66871178150177
50, 3, 0.8450151681900024, 0.4160793721675873
50, 2, 0.9225481748580933, 0.22199095785617828
50, 14, 0.8803936243057251, 0.332871675491333
50, 15, 0.8799296617507935, 0.3361452519893646
50, 17, 0.8419837355613708, 0.4095671772956848
50, 1, 0.9015880823135376, 0.27827396988868713
51, 22, 0.8947030901908875, 0.2953364849090576
51, 10, 0.9091829061508179, 0.25285446643829346
51, 16, 0.8857579827308655, 0.3042301833629608
51, 20, 0.9035323262214661, 0.2764286994934082
51, 13, 0.6124092936515808, 1.2465672492980957
51, 15, 0.860058069229126, 0.38747143745422363
51, 11, 0.7304624915122986, 0.7381253838539124
51, 6, 0.8676566481590271, 0.3359261751174927
51, 12, 0.8946236371994019, 0.2929495573043823
51, 3, 0.8307473063468933, 0.44644081592559814
51, 14, 0.8785431981086731, 0.3279108703136444
51, 19, 0.8866829872131348, 0.3063719570636749
51, 4, 0.8964329957962036, 0.28741219639778137
51, 5, 0.9083377122879028, 0.2615768015384674
51, 0, 0.8883094191551208, 0.2960485517978668
51, 18, 0.7560806274414062, 0.6972518563270569
51, 21, 0.6741923689842224, 0.7660037279129028
51, 9, 0.8448996543884277, 0.3912886381149292
51, 1, 0.9090471863746643, 0.2566933333873749
51, 23, 0.9104989767074585, 0.25152158737182617
51, 8, 0.7184109091758728, 0.7414150238037109
51, 17, 0.8685718774795532, 0.3492943346500397
51, 7, 0.7562983632087708, 0.6343417763710022
51, 2, 0.9152745604515076, 0.24917465448379517
52, 13, 0.7126039862632751, 0.9330585598945618
52, 12, 0.9007819890975952, 0.2695384621620178
52, 16, 0.8926899433135986, 0.29587849974632263
52, 19, 0.8920315504074097, 0.2980349361896515
52, 22, 0.8979105353355408, 0.2934442162513733
52, 10, 0.9133991003036499, 0.23614835739135742
52, 7, 0.7267413139343262, 0.7247049808502197
52, 8, 0.7235736846923828, 0.7395421862602234
52, 9, 0.8409699201583862, 0.39972642064094543
52, 5, 0.9135705828666687, 0.25307977199554443
52, 4, 0.8978674411773682, 0.2852034866809845
52, 14, 0.8880477547645569, 0.31594812870025635
52, 21, 0.7329109311103821, 0.6734013557434082
52, 6, 0.8988250494003296, 0.28289127349853516
52, 3, 0.8435883522033691, 0.40915799140930176
52, 23, 0.9103029370307922, 0.2490197718143463
52, 17, 0.8562330603599548, 0.3777311146259308
52, 20, 0.8956988453865051, 0.3000689744949341
52, 15, 0.8897126317024231, 0.31834131479263306
52, 2, 0.9267045259475708, 0.2097160965204239
52, 11, 0.7218313217163086, 0.7854835391044617
52, 1, 0.9051170945167542, 0.27092665433883667
52, 0, 0.8970552682876587, 0.28520968556404114
52, 18, 0.7545517683029175, 0.7521843314170837
53, 20, 0.8996881246566772, 0.28747275471687317
53, 13, 0.6410869359970093, 1.1633087396621704
53, 14, 0.8859449625015259, 0.3126017451286316
53, 21, 0.6658040285110474, 0.7398021221160889
53, 19, 0.8862296938896179, 0.3162747025489807
53, 7, 0.7455129027366638, 0.6629862189292908
53, 16, 0.8802664875984192, 0.3176819086074829
53, 6, 0.8786716461181641, 0.3157474398612976
53, 3, 0.8508114814758301, 0.3995630741119385
53, 0, 0.9066035747528076, 0.255219966173172
53, 2, 0.9275038242340088, 0.21677567064762115
53, 10, 0.9000759124755859, 0.2671838402748108
53, 18, 0.7633773684501648, 0.6896518468856812
53, 1, 0.9034327864646912, 0.2703920006752014
53, 4, 0.9053266048431396, 0.26753148436546326
53, 15, 0.8788596987724304, 0.3398098945617676
53, 5, 0.9151403903961182, 0.24535810947418213
53, 9, 0.8557692170143127, 0.36474135518074036
53, 11, 0.6886199712753296, 0.9152695536613464
53, 22, 0.9046004414558411, 0.2775022089481354
53, 23, 0.9070679545402527, 0.2561250925064087
53, 12, 0.8984359502792358, 0.2798472046852112
53, 17, 0.8619646430015564, 0.3639073967933655
53, 8, 0.7224361300468445, 0.719349205493927
54, 2, 0.9290224313735962, 0.2024907022714615
54, 12, 0.8983381986618042, 0.278842031955719
54, 0, 0.9010671377182007, 0.2618453800678253
54, 21, 0.6814206838607788, 0.6799111366271973
54, 16, 0.8880086541175842, 0.29360803961753845
54, 19, 0.882784903049469, 0.3297728896141052
54, 7, 0.7236127257347107, 0.730539083480835
54, 10, 0.9198920726776123, 0.224937304854393
54, 22, 0.8964442610740662, 0.2930019497871399
54, 14, 0.8759357333183289, 0.34700652956962585
54, 5, 0.8972614407539368, 0.2856238782405853
54, 1, 0.8990215063095093, 0.29257771372795105
54, 17, 0.8363317847251892, 0.42960622906684875
54, 8, 0.7356492877006531, 0.6749885678291321
54, 23, 0.9128516912460327, 0.2423572838306427
54, 9, 0.838127076625824, 0.405769407749176
54, 4, 0.9019795060157776, 0.2759590446949005
54, 3, 0.8481362462043762, 0.41027820110321045
54, 13, 0.6644538640975952, 1.0360817909240723
54, 20, 0.9050554633140564, 0.2729056775569916
54, 11, 0.7262407541275024, 0.6976214647293091
54, 6, 0.8910737633705139, 0.3001382350921631
54, 15, 0.8834454417228699, 0.3327197730541229
54, 18, 0.7526059746742249, 0.7213642597198486
55, 5, 0.9099075794219971, 0.2508872151374817
55, 6, 0.9015992283821106, 0.27072253823280334
55, 22, 0.9000183343887329, 0.28544890880584717
55, 19, 0.8825129270553589, 0.3146091103553772
55, 11, 0.7076649069786072, 0.8002501130104065
55, 9, 0.8529264330863953, 0.3712276220321655
55, 13, 0.664807915687561, 1.0614382028579712
55, 1, 0.9027911424636841, 0.2757306694984436
55, 21, 0.6823130249977112, 0.8963809609413147
55, 15, 0.8878782987594604, 0.33267080783843994
55, 12, 0.9031280279159546, 0.27418842911720276
55, 0, 0.8996228575706482, 0.26630738377571106
55, 14, 0.8813188672065735, 0.32432612776756287
55, 17, 0.8736665844917297, 0.3347187042236328
55, 16, 0.886658251285553, 0.30736595392227173
55, 10, 0.9136520624160767, 0.24511276185512543
55, 2, 0.9235872626304626, 0.22305087745189667
55, 23, 0.9088324904441833, 0.25955402851104736
55, 8, 0.7359117865562439, 0.7469753623008728
55, 7, 0.7432899475097656, 0.655445396900177
55, 3, 0.8402889370918274, 0.4218409061431885
55, 18, 0.7431549429893494, 0.7268524765968323
55, 20, 0.9038949608802795, 0.27809247374534607
55, 4, 0.8933728337287903, 0.2919456958770752
56, 4, 0.8830448389053345, 0.32004740834236145
56, 11, 0.7282109260559082, 0.7523114085197449
56, 21, 0.666874885559082, 0.8172721266746521
56, 2, 0.9200703501701355, 0.2354428619146347
56, 16, 0.8956607580184937, 0.27898725867271423
56, 22, 0.9014846086502075, 0.28416821360588074
56, 10, 0.9095202088356018, 0.24610748887062073
56, 7, 0.7348921298980713, 0.68562251329422
56, 18, 0.7352328300476074, 0.7587102055549622
56, 9, 0.8494983315467834, 0.3778296113014221
56, 6, 0.8801403641700745, 0.32245734333992004
56, 12, 0.8961876630783081, 0.2897662818431854
56, 17, 0.8594173192977905, 0.378393292427063
56, 0, 0.906764030456543, 0.2532601058483124
56, 3, 0.8447476625442505, 0.4172365963459015
56, 8, 0.7241861820220947, 0.7372749447822571
56, 1, 0.8886750340461731, 0.30937835574150085
56, 23, 0.911087155342102, 0.24895158410072327
56, 14, 0.8958701491355896, 0.29285627603530884
56, 5, 0.9078143835067749, 0.2545817494392395
56, 20, 0.9088996648788452, 0.27002230286598206
56, 15, 0.8859676122665405, 0.33331748843193054
56, 19, 0.8898558616638184, 0.3013576865196228
56, 13, 0.6437422633171082, 1.1284830570220947
57, 13, 0.6572844982147217, 1.1065752506256104
57, 15, 0.882986843585968, 0.3428274989128113
57, 11, 0.7215498685836792, 0.7442920207977295
57, 21, 0.6795466542243958, 0.7256324887275696
57, 9, 0.848996639251709, 0.3824303150177002
57, 14, 0.8948608040809631, 0.2963568866252899
57, 23, 0.911087155342102, 0.24235007166862488
57, 1, 0.9001443982124329, 0.27494001388549805
57, 19, 0.8809717893600464, 0.31877365708351135
57, 4, 0.8987281322479248, 0.2827627658843994
57, 8, 0.735299289226532, 0.6857374310493469
57, 18, 0.749478816986084, 0.7807204723358154
57, 12, 0.8977516889572144, 0.2849475145339966
57, 0, 0.8936050534248352, 0.28843259811401367
57, 6, 0.8891155123710632, 0.29759958386421204
57, 22, 0.8979105353355408, 0.2892037332057953
57, 2, 0.8996883034706116, 0.2863583266735077
57, 5, 0.9114773869514465, 0.2556653320789337
57, 3, 0.8529516458511353, 0.39302587509155273
57, 17, 0.875019907951355, 0.3368147909641266
57, 7, 0.7115923166275024, 0.7762477993965149
57, 20, 0.905563235282898, 0.2734948694705963
57, 10, 0.9101104736328125, 0.24616965651512146
57, 16, 0.8904393315315247, 0.29856160283088684
58, 8, 0.727773904800415, 0.7384625673294067
58, 4, 0.8981543183326721, 0.2766994535923004
58, 10, 0.9166034460067749, 0.2308824211359024
58, 21, 0.6711583137512207, 0.8691990375518799
58, 19, 0.8862296938896179, 0.3115614056587219
58, 22, 0.8962609767913818, 0.29766353964805603
58, 6, 0.8989066481590271, 0.2820240557193756
58, 16, 0.8876485228538513, 0.3101646304130554
58, 18, 0.7539263367652893, 0.7607730031013489
58, 20, 0.8893885612487793, 0.3167681097984314
58, 0, 0.9030730724334717, 0.2638041079044342
58, 7, 0.7551457285881042, 0.6353359818458557
58, 17, 0.8369686603546143, 0.4112035036087036
58, 15, 0.8871904611587524, 0.33375078439712524
58, 3, 0.8452826738357544, 0.4021076560020447
58, 1, 0.8993422985076904, 0.2841869592666626
58, 11, 0.7318697571754456, 0.7674497365951538
58, 2, 0.9259851574897766, 0.21023304760456085
58, 5, 0.9092970490455627, 0.263052374124527
58, 12, 0.9065493941307068, 0.25424373149871826
58, 23, 0.9071659445762634, 0.2546544075012207
58, 14, 0.8943561315536499, 0.2955959141254425
58, 9, 0.8551003336906433, 0.37127986550331116
58, 13, 0.6592317223548889, 1.1208422183990479
59, 23, 0.9124595522880554, 0.24249236285686493
59, 4, 0.7185617089271545, 0.776704728603363
59, 12, 0.9036167860031128, 0.266030877828598
59, 11, 0.7409700751304626, 0.6813086867332458
59, 21, 0.6713367700576782, 0.7749068140983582
59, 17, 0.8705620169639587, 0.3415863811969757
59, 1, 0.9055983424186707, 0.2684066593647003
59, 6, 0.8782637119293213, 0.31821519136428833
59, 13, 0.610107958316803, 1.2380653619766235
59, 19, 0.8800652623176575, 0.32148441672325134
59, 20, 0.8913469314575195, 0.29457205533981323
59, 3, 0.8505439758300781, 0.39197733998298645
59, 9, 0.8500000238418579, 0.374424546957016
59, 18, 0.7627519369125366, 0.6995862722396851
59, 22, 0.9089992642402649, 0.26639270782470703
59, 2, 0.92542564868927, 0.2128574550151825
59, 10, 0.9150856137275696, 0.2304384410381317
59, 7, 0.7409846782684326, 0.6764222979545593
59, 15, 0.8886426091194153, 0.3097732365131378
59, 14, 0.8952813744544983, 0.2877926528453827
59, 8, 0.7306615114212036, 0.7287153005599976
59, 0, 0.9063628315925598, 0.25307682156562805
59, 16, 0.881886899471283, 0.31423327326774597
59, 5, 0.9027559757232666, 0.2697146534919739
60, 19, 0.8919408917427063, 0.2993547320365906
60, 23, 0.9111852049827576, 0.2533794641494751
60, 20, 0.9076666235923767, 0.27123576402664185
60, 5, 0.9150531888008118, 0.2443244457244873
60, 21, 0.6667856574058533, 0.775556743144989
60, 2, 0.9191911220550537, 0.22591109573841095
60, 15, 0.87595534324646, 0.3498190939426422
60, 12, 0.9074291586875916, 0.2620210647583008
60, 9, 0.8460702300071716, 0.3866305649280548
60, 4, 0.8960505127906799, 0.28812122344970703
60, 16, 0.8888188600540161, 0.30231836438179016
60, 3, 0.8495630621910095, 0.39246252179145813
60, 6, 0.9002937078475952, 0.26782429218292236
60, 10, 0.9122185707092285, 0.23876787722110748
60, 11, 0.7469744086265564, 0.664606511592865
60, 7, 0.7339041829109192, 0.6995230913162231
60, 22, 0.9079912304878235, 0.2619137167930603
60, 17, 0.8665817379951477, 0.35383421182632446
60, 18, 0.7539263367652893, 0.6862919330596924
60, 14, 0.8917486667633057, 0.30431056022644043
60, 0, 0.894728422164917, 0.27881571650505066
60, 13, 0.664984941482544, 1.033149242401123
60, 1, 0.9083253145217896, 0.2656678855419159
60, 8, 0.72602379322052, 0.7131778001785278
61, 8, 0.71919846534729, 0.7403467297554016
61, 21, 0.6664286851882935, 0.8200897574424744
61, 17, 0.8764528036117554, 0.3415103554725647
61, 4, 0.9021707773208618, 0.26980748772621155
61, 10, 0.9182055592536926, 0.23970729112625122
61, 18, 0.7537873387336731, 0.6974109411239624
61, 7, 0.7445249557495117, 0.6600337028503418
61, 11, 0.7541983127593994, 0.670613706111908
61, 3, 0.8514357209205627, 0.4009281098842621
61, 20, 0.8932327628135681, 0.322170615196228
61, 5, 0.8959532380104065, 0.2811182737350464
61, 1, 0.9055983424186707, 0.265718013048172
61, 15, 0.8891776204109192, 0.31911513209342957
61, 23, 0.9106950163841248, 0.2477906048297882
61, 22, 0.8898460268974304, 0.30782026052474976
61, 16, 0.8879185914993286, 0.3026200830936432
61, 9, 0.8453177213668823, 0.3868383765220642
61, 6, 0.9073107242584229, 0.25880351662635803
61, 12, 0.9062561392784119, 0.25835540890693665
61, 13, 0.6716232895851135, 1.03353750705719
61, 0, 0.9113375544548035, 0.24406003952026367
61, 14, 0.8897299766540527, 0.30015188455581665
61, 19, 0.8914875984191895, 0.2983151078224182
61, 2, 0.9056030511856079, 0.26057976484298706
62, 17, 0.8652284741401672, 0.3545859456062317
62, 20, 0.8962790966033936, 0.299861878156662
62, 12, 0.9019550085067749, 0.2705804407596588
62, 13, 0.6826872229576111, 0.9746587872505188
62, 14, 0.8916645646095276, 0.30556926131248474
62, 1, 0.9096086025238037, 0.25351807475090027
62, 18, 0.7403057813644409, 0.7540403008460999
62, 10, 0.9144110083580017, 0.24463102221488953
62, 9, 0.8496655225753784, 0.37764304876327515
62, 7, 0.7623085975646973, 0.6094043850898743
62, 21, 0.6913260817527771, 0.6966348886489868
62, 16, 0.8976413607597351, 0.28394585847854614
62, 23, 0.9185373783111572, 0.22546261548995972
62, 3, 0.8513465523719788, 0.3938363194465637
62, 11, 0.7058823704719543, 0.8338322043418884
62, 15, 0.8893305063247681, 0.3246808648109436
62, 8, 0.7393244504928589, 0.7055566310882568
62, 4, 0.8940422534942627, 0.30534109473228455
62, 6, 0.8870757222175598, 0.30312761664390564
62, 22, 0.8981854915618896, 0.28942278027534485
62, 5, 0.9118262529373169, 0.2568542957305908
62, 19, 0.8838727474212646, 0.31238093972206116
62, 2, 0.9206298589706421, 0.2302224487066269
62, 0, 0.9002647995948792, 0.267162024974823
63, 23, 0.9155964851379395, 0.23594555258750916
63, 6, 0.9046181440353394, 0.26322150230407715
63, 7, 0.7561337351799011, 0.6474757790565491
63, 10, 0.9133991003036499, 0.23481224477291107
63, 12, 0.9066471457481384, 0.26343491673469543
63, 5, 0.9136577844619751, 0.25447675585746765
63, 13, 0.6775535345077515, 0.9678030610084534
63, 21, 0.7388006448745728, 0.6865690350532532
63, 15, 0.8953683972358704, 0.3009638786315918
63, 8, 0.7411620616912842, 0.6905239820480347
63, 2, 0.9061625599861145, 0.2543054521083832
63, 0, 0.9074861407279968, 0.2576638460159302
63, 1, 0.9006255865097046, 0.2786060869693756
63, 11, 0.737217366695404, 0.73055499792099
63, 3, 0.8505439758300781, 0.39661529660224915
63, 22, 0.8949779868125916, 0.29722312092781067
63, 19, 0.8933913707733154, 0.2911872863769531
63, 20, 0.9059984087944031, 0.27273693680763245
63, 17, 0.8741442561149597, 0.3390387296676636
63, 14, 0.894692599773407, 0.2917085886001587
63, 9, 0.8542641997337341, 0.36723387241363525
63, 4, 0.8971980214118958, 0.2927803099155426
63, 18, 0.741348147392273, 0.7251623272895813
63, 16, 0.8932300806045532, 0.2844228744506836
64, 10, 0.8983893990516663, 0.2990468740463257
64, 14, 0.894692599773407, 0.2943514585494995
64, 23, 0.9128516912460327, 0.2429128885269165
64, 12, 0.9037145376205444, 0.26299893856048584
64, 21, 0.7361235022544861, 0.664024829864502
64, 3, 0.8522382974624634, 0.3944525122642517
64, 11, 0.7402195334434509, 0.694796621799469
64, 16, 0.8880986571311951, 0.3070245385169983
64, 13, 0.567357063293457, 1.3738855123519897
64, 18, 0.754899263381958, 0.6941404938697815
64, 4, 0.9067610502243042, 0.26501086354255676
64, 5, 0.9105180501937866, 0.25673985481262207
64, 6, 0.90625, 0.2635332942008972
64, 17, 0.8636363744735718, 0.34941530227661133
64, 2, 0.9231876134872437, 0.22304511070251465
64, 8, 0.7361742854118347, 0.6934853196144104
64, 22, 0.8985520601272583, 0.28689876198768616
64, 19, 0.8923035264015198, 0.3030899167060852
64, 15, 0.8882604837417603, 0.32495930790901184
64, 9, 0.8552675843238831, 0.35950207710266113
64, 7, 0.7611559629440308, 0.636368453502655
64, 20, 0.9086095690727234, 0.26463449001312256
64, 1, 0.908886730670929, 0.2588060200214386
64, 0, 0.9000240564346313, 0.2707274854183197
65, 14, 0.892421543598175, 0.29267558455467224
65, 22, 0.8896627426147461, 0.30911439657211304
65, 4, 0.8981543183326721, 0.27639827132225037
65, 5, 0.9147043228149414, 0.24508267641067505
65, 12, 0.9113392233848572, 0.2612476646900177
65, 0, 0.8992217183113098, 0.2978645861148834
65, 19, 0.8953857421875, 0.2943294644355774
65, 16, 0.8906193971633911, 0.28601783514022827
65, 23, 0.9129496812820435, 0.2457909733057022
65, 7, 0.7224600911140442, 0.7501927018165588
65, 6, 0.9017624258995056, 0.2638823091983795
65, 11, 0.7104793787002563, 0.7986425161361694
65, 9, 0.8533445000648499, 0.3754749000072479
65, 20, 0.9078842401504517, 0.26958712935447693
65, 15, 0.890324056148529, 0.3205093443393707
65, 13, 0.6401132941246033, 1.13616943359375
65, 8, 0.735299289226532, 0.7024648785591125
65, 18, 0.7503821849822998, 0.7279236316680908
65, 10, 0.9170250296592712, 0.2264871895313263
65, 1, 0.908164918422699, 0.26071080565452576
65, 17, 0.8586212396621704, 0.371506005525589
65, 21, 0.6883811950683594, 0.6974064111709595
65, 3, 0.8454610109329224, 0.4071979522705078
65, 2, 0.9255055785179138, 0.20813022553920746
66, 10, 0.9182898998260498, 0.23288483917713165
66, 20, 0.9094074368476868, 0.269054114818573
66, 8, 0.7299615144729614, 0.6996665000915527
66, 4, 0.8924165368080139, 0.2931487262248993
66, 13, 0.672685444355011, 1.0210789442062378
66, 14, 0.8938514590263367, 0.2912428379058838
66, 5, 0.9110413193702698, 0.2555243670940399
66, 22, 0.8962609767913818, 0.2952124774456024
66, 16, 0.8949405550956726, 0.2925221025943756
66, 17, 0.8680146336555481, 0.34788936376571655
66, 15, 0.8800825476646423, 0.3409564197063446
66, 6, 0.9015992283821106, 0.2752876281738281
66, 12, 0.9071359038352966, 0.2603645324707031
66, 23, 0.9081462621688843, 0.2557165324687958
66, 0, 0.9075663685798645, 0.2621033489704132
66, 1, 0.9080846905708313, 0.2682510018348694
66, 21, 0.6775834560394287, 0.7212458252906799
66, 7, 0.7604149580001831, 0.6318410634994507
66, 19, 0.8971081376075745, 0.2859971225261688
66, 11, 0.7223942279815674, 0.7768415808677673
66, 3, 0.857945442199707, 0.3860165774822235
66, 9, 0.8429765701293945, 0.38498857617378235
66, 2, 0.9214291572570801, 0.2225952297449112
66, 18, 0.7358582615852356, 0.7545721530914307
67, 3, 0.8389512896537781, 0.41753846406936646
67, 22, 0.9002016186714172, 0.28083109855651855
67, 9, 0.8569397926330566, 0.3618879020214081
67, 16, 0.8938602805137634, 0.2819121479988098
67, 17, 0.8675370216369629, 0.3547312617301941
67, 10, 0.9152542352676392, 0.2397146224975586
67, 1, 0.9117741584777832, 0.24843968451023102
67, 12, 0.9043987989425659, 0.26506271958351135
67, 0, 0.9040359258651733, 0.2644456624984741
67, 21, 0.7298768758773804, 0.683727502822876
67, 6, 0.8982539176940918, 0.27215832471847534
67, 13, 0.6788812279701233, 1.0487560033798218
67, 4, 0.8875394463539124, 0.31423670053482056
67, 2, 0.9314203262329102, 0.1943526417016983
67, 7, 0.7458422780036926, 0.7176441550254822
67, 19, 0.8953857421875, 0.2871258556842804
67, 5, 0.918628990650177, 0.23844225704669952
67, 23, 0.9191255569458008, 0.22842441499233246
67, 8, 0.7212110757827759, 0.737869381904602
67, 11, 0.7436907887458801, 0.700915515422821
67, 20, 0.9091172814369202, 0.26282161474227905
67, 14, 0.8819076418876648, 0.32241740822792053
67, 15, 0.898272693157196, 0.2945190370082855
67, 18, 0.740861713886261, 0.8029332160949707
68, 22, 0.9033174514770508, 0.27977922558784485
68, 21, 0.6904336810112, 0.752209484577179
68, 6, 0.9037206172943115, 0.2620159685611725
68, 11, 0.7339337468147278, 0.7378032207489014
68, 3, 0.8574995398521423, 0.38378065824508667
68, 9, 0.8523411154747009, 0.37489041686058044
68, 12, 0.9034212827682495, 0.2692341208457947
68, 14, 0.8892253637313843, 0.3070403039455414
68, 19, 0.8630223870277405, 0.35712483525276184
68, 10, 0.9105320572853088, 0.24876850843429565
68, 4, 0.89212965965271, 0.2972274720668793
68, 15, 0.8929226398468018, 0.312957227230072
68, 8, 0.7372243404388428, 0.7074974179267883
68, 5, 0.9113901853561401, 0.25291284918785095
68, 17, 0.85679030418396, 0.37316909432411194
68, 23, 0.9169689416885376, 0.23168547451496124
68, 13, 0.5914320945739746, 1.3184387683868408
68, 2, 0.9199104905128479, 0.22541634738445282
68, 1, 0.9152229428291321, 0.24058008193969727
68, 7, 0.735633134841919, 0.7017403841018677
68, 0, 0.8989007472991943, 0.27003157138824463
68, 20, 0.9068688154220581, 0.26479214429855347
68, 18, 0.7584433555603027, 0.6883944869041443
68, 16, 0.8946704864501953, 0.2812752425670624
69, 23, 0.9152044057846069, 0.23332221806049347
69, 6, 0.8951534032821655, 0.27734509110450745
69, 7, 0.7507821321487427, 0.6786936521530151
69, 3, 0.8577671051025391, 0.38390541076660156
69, 16, 0.8888188600540161, 0.2967001497745514
69, 1, 0.891402006149292, 0.32319021224975586
69, 14, 0.894440233707428, 0.2957225739955902
69, 5, 0.9184545874595642, 0.23806536197662354
69, 15, 0.8925405144691467, 0.32588499784469604
69, 9, 0.8544314503669739, 0.3736097514629364
69, 8, 0.7295239567756653, 0.7206453680992126
69, 2, 0.9229478240013123, 0.21794961392879486
69, 10, 0.918036937713623, 0.2238670140504837
69, 22, 0.9034090638160706, 0.27314698696136475
69, 4, 0.9051353335380554, 0.2679125964641571
69, 20, 0.9064335823059082, 0.2722909152507782
69, 17, 0.878124475479126, 0.33021965622901917
69, 11, 0.716858983039856, 0.8066548109054565
69, 21, 0.685882568359375, 0.7480904459953308
69, 19, 0.868280291557312, 0.35158371925354004
69, 13, 0.6916268467903137, 0.9613704681396484
69, 18, 0.74405837059021, 0.7900859713554382
69, 12, 0.8999022245407104, 0.2795116901397705
69, 0, 0.906764030456543, 0.25308412313461304
70, 23, 0.9050093293190002, 0.2628006935119629
70, 12, 0.8987292051315308, 0.2733043432235718
70, 22, 0.8980022072792053, 0.29241931438446045
70, 18, 0.7594162821769714, 0.6873044967651367
70, 16, 0.8998919725418091, 0.28040027618408203
70, 14, 0.8947767019271851, 0.2907298803329468
70, 3, 0.8475120663642883, 0.4088892638683319
70, 0, 0.9085292220115662, 0.24664583802223206
70, 1, 0.9060795903205872, 0.27413272857666016
70, 19, 0.8833287954330444, 0.3211683928966522
70, 13, 0.6089573502540588, 1.198024868965149
70, 10, 0.9137364029884338, 0.23338110744953156
70, 17, 0.8606909513473511, 0.37323132157325745
70, 11, 0.7405009865760803, 0.7015987038612366
70, 15, 0.8965148329734802, 0.2997531592845917
70, 20, 0.910495400428772, 0.2559169828891754
70, 7, 0.7574509978294373, 0.6446569561958313
70, 2, 0.9289425015449524, 0.19683779776096344
70, 8, 0.7373993992805481, 0.6948367953300476
70, 21, 0.6931108236312866, 0.6971234679222107
70, 5, 0.9147043228149414, 0.24125786125659943
70, 4, 0.8960505127906799, 0.2792799472808838
70, 6, 0.9010280966758728, 0.28020960092544556
70, 9, 0.8564381003379822, 0.36456841230392456
71, 14, 0.8909075856208801, 0.303309828042984
71, 20, 0.9020816683769226, 0.2882959842681885
71, 17, 0.8704028129577637, 0.35304009914398193
71, 16, 0.8880086541175842, 0.30365362763404846
71, 5, 0.8995290398597717, 0.27671173214912415
71, 10, 0.9147483110427856, 0.23549789190292358
71, 0, 0.9085292220115662, 0.2467001974582672
71, 4, 0.9052309393882751, 0.26348182559013367
71, 8, 0.7243612408638, 0.7171401381492615
71, 12, 0.9035190343856812, 0.2641899585723877
71, 22, 0.8934201002120972, 0.297904908657074
71, 11, 0.7258654832839966, 0.7625834345817566
71, 19, 0.902366042137146, 0.27284011244773865
71, 18, 0.7460736632347107, 0.6976202726364136
71, 1, 0.9118543267250061, 0.24380971491336823
71, 15, 0.8793182373046875, 0.3460196256637573
71, 2, 0.925825297832489, 0.20472699403762817
71, 3, 0.8526841402053833, 0.3887433409690857
71, 9, 0.8458194136619568, 0.39280837774276733
71, 23, 0.9118713736534119, 0.24159114062786102
71, 21, 0.6787435412406921, 0.8268006443977356
71, 6, 0.8912369608879089, 0.2828826606273651
71, 13, 0.5831120610237122, 1.2585200071334839
71, 7, 0.7326691746711731, 0.7329250574111938
72, 15, 0.8957505226135254, 0.3058052361011505
72, 0, 0.9035544991493225, 0.256489634513855
72, 13, 0.5878031253814697, 1.3351088762283325
72, 6, 0.8685541749000549, 0.33736422657966614
72, 16, 0.8961108922958374, 0.28454217314720154
72, 22, 0.8979105353355408, 0.2916625142097473
72, 4, 0.9027445912361145, 0.27310997247695923
72, 12, 0.9126099944114685, 0.24702465534210205
72, 18, 0.7464210987091064, 0.6947023868560791
72, 17, 0.8657857179641724, 0.36421796679496765
72, 21, 0.7059611082077026, 0.7077280282974243
72, 2, 0.9221485257148743, 0.2198796272277832
72, 7, 0.75654536485672, 0.6239204406738281
72, 23, 0.9131457805633545, 0.2427808940410614
72, 14, 0.8938514590263367, 0.2987338900566101
72, 11, 0.7187353372573853, 0.8136623501777649
72, 5, 0.9118262529373169, 0.25861436128616333
72, 19, 0.8904904127120972, 0.2978891432285309
72, 20, 0.905128002166748, 0.2748425602912903
72, 3, 0.8554485440254211, 0.39406782388687134
72, 1, 0.9171478748321533, 0.23924164474010468
72, 9, 0.8603678941726685, 0.3558092415332794
72, 10, 0.9059785604476929, 0.27362483739852905
72, 8, 0.7388869524002075, 0.6966467499732971
73, 7, 0.747077226638794, 0.6865088939666748
73, 10, 0.916266143321991, 0.23161187767982483
73, 14, 0.900496244430542, 0.280783474445343
73, 19, 0.8934820294380188, 0.2898618280887604
73, 22, 0.9043254852294922, 0.2741580307483673
73, 4, 0.9071435332298279, 0.2558465898036957
73, 20, 0.8908392190933228, 0.31398531794548035
73, 11, 0.7511961460113525, 0.6853888034820557
73, 9, 0.85326087474823, 0.37234339118003845
73, 18, 0.7562196254730225, 0.6890873312950134
73, 23, 0.9160866737365723, 0.23930026590824127
73, 8, 0.735299289226532, 0.7104004621505737
73, 15, 0.8974319696426392, 0.29239657521247864
73, 6, 0.8993146419525146, 0.26668840646743774
73, 17, 0.8727909326553345, 0.33851686120033264
73, 0, 0.9041162133216858, 0.26152676343917847
73, 3, 0.8476904034614563, 0.4060403108596802
73, 12, 0.910557210445404, 0.260733038187027
73, 21, 0.6808852553367615, 0.7549063563346863
73, 16, 0.8919697403907776, 0.28410908579826355
73, 5, 0.9154020547866821, 0.25155702233314514
73, 1, 0.9176291227340698, 0.23555181920528412
73, 2, 0.9331787824630737, 0.19064611196517944
73, 13, 0.6098424792289734, 1.2002754211425781
74, 8, 0.733549177646637, 0.691057026386261
74, 21, 0.6854363679885864, 0.7440109252929688
74, 16, 0.8972812294960022, 0.2808269262313843
74, 22, 0.9095491170883179, 0.2601608633995056
74, 0, 0.9013078808784485, 0.2827703654766083
74, 14, 0.8972159028053284, 0.28600138425827026
74, 1, 0.9134584665298462, 0.24688445031642914
74, 13, 0.5747035145759583, 1.3667486906051636
74, 6, 0.9016808271408081, 0.2617594599723816
74, 7, 0.759179949760437, 0.6377630233764648
74, 15, 0.8928462266921997, 0.3002665936946869
74, 20, 0.9153550267219543, 0.24783170223236084
74, 12, 0.9086021780967712, 0.26339903473854065
74, 17, 0.8673778176307678, 0.34569454193115234
74, 3, 0.845996081829071, 0.4163320064544678
74, 2, 0.9197506308555603, 0.2188587337732315
74, 18, 0.7357192635536194, 0.7882269620895386
74, 11, 0.7329955697059631, 0.7698338031768799
74, 4, 0.9020751714706421, 0.27455392479896545
74, 10, 0.9139050245285034, 0.2400178462266922
74, 9, 0.8573578596115112, 0.3639277219772339
74, 5, 0.9199371933937073, 0.23960092663764954
74, 19, 0.8943885564804077, 0.28661400079727173
74, 23, 0.9185373783111572, 0.2289717197418213
75, 7, 0.7281409502029419, 0.7225320339202881
75, 3, 0.8542892932891846, 0.39238831400871277
75, 16, 0.8958408236503601, 0.2812196612358093
75, 21, 0.756737470626831, 0.6713985800743103
75, 22, 0.90084308385849, 0.2823144197463989
75, 23, 0.9182432889938354, 0.23018859326839447
75, 15, 0.8962091207504272, 0.30941241979599
75, 18, 0.7521195411682129, 0.7199944853782654
75, 8, 0.7282114028930664, 0.7303770780563354
75, 19, 0.8858671188354492, 0.30282557010650635
75, 12, 0.9083089232444763, 0.25796258449554443
75, 13, 0.6926004886627197, 0.9632619619369507
75, 11, 0.756731390953064, 0.6505429148674011
75, 4, 0.9084823727607727, 0.25444087386131287
75, 20, 0.9070138335227966, 0.26701581478118896
75, 14, 0.8880477547645569, 0.31310877203941345
75, 10, 0.918036937713623, 0.2234850376844406
75, 2, 0.9267045259475708, 0.20712608098983765
75, 9, 0.8530936241149902, 0.3714647889137268
75, 6, 0.89996737241745, 0.2696266770362854
75, 1, 0.9125761985778809, 0.24993497133255005
75, 17, 0.8731889724731445, 0.34719279408454895
75, 5, 0.9207221269607544, 0.22676847875118256
75, 0, 0.8971354961395264, 0.2748420238494873
76, 8, 0.7264613509178162, 0.6873753666877747
76, 20, 0.9119460582733154, 0.2560046911239624
76, 14, 0.8980570435523987, 0.2919502556324005
76, 0, 0.9072454571723938, 0.24362781643867493
76, 12, 0.9136852622032166, 0.24821726977825165
76, 7, 0.7589330077171326, 0.6364586353302002
76, 13, 0.7074703574180603, 0.8907181024551392
76, 2, 0.9252657890319824, 0.2115968018770218
76, 1, 0.915543794631958, 0.24532480537891388
76, 15, 0.8849740028381348, 0.3479515612125397
76, 9, 0.8574414849281311, 0.3545241951942444
76, 4, 0.891842782497406, 0.297553688287735
76, 21, 0.7248795032501221, 0.664913535118103
76, 11, 0.7306501269340515, 0.7416982650756836
76, 16, 0.8999819755554199, 0.27417346835136414
76, 3, 0.8541109561920166, 0.3916504979133606
76, 22, 0.8988269567489624, 0.2925466299057007
76, 10, 0.9144110083580017, 0.2324363887310028
76, 23, 0.916380763053894, 0.23879894614219666
76, 5, 0.9114773869514465, 0.2520235478878021
76, 6, 0.9057604670524597, 0.2609413266181946
76, 19, 0.9014595150947571, 0.27140262722969055
76, 18, 0.7343294024467468, 0.7548151612281799
76, 17, 0.8715173006057739, 0.3390378952026367
77, 12, 0.9122189879417419, 0.2445940375328064
77, 10, 0.9140737056732178, 0.23684802651405334
77, 23, 0.9125576019287109, 0.24261923134326935
77, 0, 0.9037952423095703, 0.25630196928977966
77, 3, 0.8495630621910095, 0.3981526494026184
77, 13, 0.5845282077789307, 1.3313063383102417
77, 8, 0.7410745620727539, 0.6940219402313232
77, 7, 0.7650254964828491, 0.6125426888465881
77, 17, 0.8743034601211548, 0.33771267533302307
77, 16, 0.8965610265731812, 0.28186196088790894
77, 15, 0.8954448103904724, 0.2991156578063965
77, 21, 0.7417454719543457, 0.6743113398551941
77, 9, 0.8570234179496765, 0.36537864804267883
77, 5, 0.9195011258125305, 0.23098637163639069
77, 20, 0.9048379063606262, 0.2691307067871094
77, 14, 0.8950290083885193, 0.2870109975337982
77, 22, 0.9013013243675232, 0.28296932578086853
77, 4, 0.9002581834793091, 0.26985278725624084
77, 1, 0.9086461067199707, 0.2562423348426819
77, 19, 0.8858671188354492, 0.30898982286453247
77, 2, 0.9145551919937134, 0.2347031533718109
77, 18, 0.746282160282135, 0.7283487319946289
77, 6, 0.895071804523468, 0.2776801586151123
77, 11, 0.7153578996658325, 0.8187670707702637
78, 23, 0.9101068377494812, 0.25292518734931946
78, 8, 0.7310990691184998, 0.7219225168228149
78, 16, 0.8922398090362549, 0.29800689220428467
78, 2, 0.9309407472610474, 0.1941596269607544
78, 9, 0.8581939935684204, 0.35718831419944763
78, 20, 0.9128889441490173, 0.2576009929180145
78, 21, 0.682669997215271, 0.7472420930862427
78, 3, 0.8329766392707825, 0.44259634613990784
78, 19, 0.9016408324241638, 0.2703093886375427
78, 17, 0.8735870122909546, 0.3323608338832855
78, 14, 0.8937673568725586, 0.2982957661151886
78, 7, 0.7469125390052795, 0.6902421712875366
78, 22, 0.896719217300415, 0.2815019190311432
78, 6, 0.89996737241745, 0.26934415102005005
78, 5, 0.9169719219207764, 0.2356620728969574
78, 4, 0.9081954956054688, 0.25175225734710693
78, 1, 0.9150625467300415, 0.2404986470937729
78, 15, 0.8978140950202942, 0.29333558678627014
78, 11, 0.7311192154884338, 0.7636476159095764
78, 12, 0.9113392233848572, 0.2487059086561203
78, 13, 0.6167463064193726, 1.10065495967865
78, 10, 0.9213255643844604, 0.22304098308086395
78, 0, 0.9108561277389526, 0.2415873259305954
78, 18, 0.7430160045623779, 0.7134412527084351
79, 22, 0.9048753380775452, 0.26455172896385193
79, 10, 0.9149169325828552, 0.2396860420703888
79, 13, 0.7125154733657837, 0.9038734436035156
79, 4, 0.8963373899459839, 0.2744840681552887
79, 2, 0.9154344201087952, 0.23817189037799835
79, 7, 0.7733410000801086, 0.6129847168922424
79, 8, 0.729436457157135, 0.7369765639305115
79, 11, 0.737217366695404, 0.7408203482627869
79, 1, 0.9097689986228943, 0.25589123368263245
79, 14, 0.8925057053565979, 0.2969297468662262
79, 16, 0.9007922410964966, 0.26833683252334595
79, 15, 0.8853561878204346, 0.3351801633834839
79, 20, 0.912961483001709, 0.2508796155452728
79, 17, 0.8782837390899658, 0.3329087793827057
79, 3, 0.8587480187416077, 0.37638232111930847
79, 0, 0.9117387533187866, 0.24251550436019897
79, 5, 0.9189778566360474, 0.23085640370845795
79, 19, 0.8830568194389343, 0.3162808120250702
79, 23, 0.9099107980728149, 0.25326570868492126
79, 18, 0.7514246106147766, 0.7109597325325012
79, 21, 0.7378190159797668, 0.710713267326355
79, 9, 0.8573578596115112, 0.36909857392311096
79, 12, 0.9138807654380798, 0.23926277458667755
79, 6, 0.9016808271408081, 0.26545488834381104
80, 23, 0.913733959197998, 0.24293650686740875
80, 12, 0.9160313010215759, 0.24363547563552856
80, 20, 0.906941294670105, 0.27465587854385376
80, 4, 0.910012423992157, 0.25333255529403687
80, 7, 0.7553104162216187, 0.6720898747444153
80, 8, 0.7389744520187378, 0.7139832973480225
80, 22, 0.9080828428268433, 0.264054536819458
80, 15, 0.8970498442649841, 0.30340179800987244
80, 10, 0.9170250296592712, 0.23545540869235992
80, 16, 0.8880086541175842, 0.30930832028388977
80, 1, 0.9065607786178589, 0.27015647292137146
80, 6, 0.9053524732589722, 0.2598339319229126
80, 19, 0.8975614309310913, 0.27613651752471924
80, 5, 0.9179312586784363, 0.2385382503271103
80, 9, 0.8505852818489075, 0.38495901226997375
80, 14, 0.8943561315536499, 0.293984055519104
80, 2, 0.9283830523490906, 0.20226940512657166
80, 21, 0.7538818717002869, 0.6466317176818848
80, 17, 0.8742238283157349, 0.3356350064277649
80, 3, 0.8552702069282532, 0.384928435087204
80, 18, 0.7480194568634033, 0.7504276037216187
80, 13, 0.7083554863929749, 0.9143466949462891
80, 11, 0.7301810383796692, 0.7809816598892212
80, 0, 0.9086095094680786, 0.2611272931098938
81, 4, 0.9082911014556885, 0.2568523585796356
81, 23, 0.916184663772583, 0.2359139621257782
81, 22, 0.9086326956748962, 0.2577070891857147
81, 13, 0.6775535345077515, 0.9726259112358093
81, 11, 0.7597335577011108, 0.6449471712112427
81, 17, 0.8575067520141602, 0.39039579033851624
81, 7, 0.7292935848236084, 0.7387197017669678
81, 14, 0.9006645083427429, 0.28164994716644287
81, 18, 0.7370396256446838, 0.7498555779457092
81, 12, 0.9159335494041443, 0.24399490654468536
81, 20, 0.9101327061653137, 0.2553384304046631
81, 15, 0.8939162492752075, 0.3014812171459198
81, 21, 0.7546849846839905, 0.6431013941764832
81, 16, 0.9041231274604797, 0.2692929804325104
81, 1, 0.9193134307861328, 0.22826261818408966
81, 2, 0.9231076836585999, 0.22043445706367493
81, 9, 0.8531772494316101, 0.3702745735645294
81, 10, 0.9203136563301086, 0.21446949243545532
81, 5, 0.918367326259613, 0.2324952334165573
81, 19, 0.8789774179458618, 0.3199651837348938
81, 0, 0.9091711640357971, 0.24985206127166748
81, 3, 0.8612448573112488, 0.3752593398094177
81, 8, 0.7462373375892639, 0.6717821359634399
81, 6, 0.9084529876708984, 0.25541526079177856
82, 12, 0.9138807654380798, 0.24251078069210052
82, 21, 0.7429948449134827, 0.6443594098091125
82, 6, 0.8874836564064026, 0.2918393909931183
82, 23, 0.9160866737365723, 0.2344076931476593
82, 19, 0.8937539458274841, 0.29685088992118835
82, 5, 0.9204604625701904, 0.227905735373497
82, 8, 0.7386244535446167, 0.7156632542610168
82, 17, 0.8871198892593384, 0.30984243750572205
82, 16, 0.8999819755554199, 0.2718034088611603
82, 3, 0.8525058031082153, 0.38904502987861633
82, 14, 0.8964589238166809, 0.2894808053970337
82, 15, 0.8916233777999878, 0.3258174955844879
82, 10, 0.9122185707092285, 0.23978298902511597
82, 20, 0.9121636152267456, 0.2602604627609253
82, 13, 0.5716056227684021, 1.3052973747253418
82, 0, 0.914787769317627, 0.22831247746944427
82, 4, 0.906282901763916, 0.2548666298389435
82, 22, 0.8883797526359558, 0.3092302680015564
82, 2, 0.9332587122917175, 0.1953127086162567
82, 1, 0.9097689986228943, 0.26037654280662537
82, 9, 0.8622909784317017, 0.3588854968547821
82, 11, 0.7266160249710083, 0.7942595481872559
82, 7, 0.7560513615608215, 0.6762759685516357
82, 18, 0.7389854192733765, 0.728482186794281
83, 11, 0.7387184500694275, 0.7345950603485107
83, 14, 0.8957018852233887, 0.28637105226516724
83, 3, 0.8555377125740051, 0.3806900978088379
83, 22, 0.9149560332298279, 0.2459629774093628
83, 19, 0.8992838263511658, 0.272980272769928
83, 16, 0.9059236645698547, 0.25919944047927856
83, 17, 0.8857666254043579, 0.3110082149505615
83, 12, 0.9067448973655701, 0.25442299246788025
83, 18, 0.7549687027931213, 0.6979101896286011
83, 9, 0.860785961151123, 0.35256221890449524
83, 0, 0.9013881087303162, 0.2586232125759125
83, 5, 0.9077271819114685, 0.25638169050216675
83, 21, 0.7466535568237305, 0.6830612421035767
83, 2, 0.924226701259613, 0.21188880503177643
83, 8, 0.737311840057373, 0.7257474660873413
83, 4, 0.9080042243003845, 0.25227686762809753
83, 20, 0.9115833640098572, 0.2567784786224365
83, 7, 0.7505351305007935, 0.6651283502578735
83, 1, 0.9125761985778809, 0.2562582492828369
83, 10, 0.919723391532898, 0.2212613821029663
83, 6, 0.8880548477172852, 0.2932034730911255
83, 15, 0.8913176655769348, 0.3226787745952606
83, 13, 0.6091343760490417, 1.176552653312683
83, 23, 0.918341338634491, 0.22664807736873627
84, 3, 0.8552702069282532, 0.3840502202510834
84, 15, 0.8958269357681274, 0.295523464679718
84, 11, 0.712824821472168, 0.8411775231361389
84, 23, 0.9154004454612732, 0.23292800784111023
84, 20, 0.8971495032310486, 0.29507020115852356
84, 12, 0.9134897589683533, 0.25053757429122925
84, 13, 0.6065675616264343, 1.1729052066802979
84, 21, 0.7331786751747131, 0.6932172179222107
84, 22, 0.9044171571731567, 0.27056044340133667
84, 4, 0.9048484563827515, 0.25403520464897156
84, 1, 0.9100898504257202, 0.25570300221443176
84, 2, 0.9149548411369324, 0.24419626593589783
84, 19, 0.8962016105651855, 0.2817135453224182
84, 17, 0.8718357086181641, 0.3635613024234772
84, 16, 0.9011523127555847, 0.28315529227256775
84, 14, 0.8968794941902161, 0.28260791301727295
84, 8, 0.7254987955093384, 0.7086239457130432
84, 10, 0.9231806993484497, 0.21735654771327972
84, 18, 0.7445448040962219, 0.7112264037132263
84, 5, 0.9240362644195557, 0.22563891112804413
84, 6, 0.8967852592468262, 0.2783920466899872
84, 0, 0.9082083106040955, 0.25218889117240906
84, 7, 0.7786926031112671, 0.5820051431655884
84, 9, 0.8580267429351807, 0.362926721572876
85, 21, 0.7440657019615173, 0.6520923972129822
85, 3, 0.8553593754768372, 0.38029342889785767
85, 12, 0.9045943021774292, 0.2599506676197052
85, 0, 0.9093316197395325, 0.24852246046066284
85, 23, 0.9177531599998474, 0.23659229278564453
85, 11, 0.7218313217163086, 0.8202374577522278
85, 16, 0.8955707550048828, 0.28633078932762146
85, 7, 0.7721883654594421, 0.6161338686943054
85, 22, 0.9041422009468079, 0.27193135023117065
85, 2, 0.927423894405365, 0.2028283327817917
85, 5, 0.918367326259613, 0.23206232488155365
85, 13, 0.6178969740867615, 1.1069378852844238
85, 4, 0.90656977891922, 0.2555234134197235
85, 1, 0.9169073104858398, 0.23793692886829376
85, 6, 0.9082897901535034, 0.2571970820426941
85, 14, 0.8939355611801147, 0.2881571650505066
85, 19, 0.8949324488639832, 0.29010820388793945
85, 9, 0.8608695864677429, 0.36558404564857483
85, 15, 0.8978140950202942, 0.3004467189311981
85, 10, 0.9146639704704285, 0.23410770297050476
85, 8, 0.7422121167182922, 0.6841769814491272
85, 17, 0.8868014812469482, 0.3121545910835266
85, 18, 0.7578874230384827, 0.6962450742721558
85, 20, 0.917893648147583, 0.24252042174339294
86, 15, 0.8940690755844116, 0.30282437801361084
86, 13, 0.6067445278167725, 1.164833903312683
86, 19, 0.8935726881027222, 0.2896159291267395
86, 16, 0.8913396000862122, 0.2947705388069153
86, 5, 0.8995290398597717, 0.28852853178977966
86, 21, 0.7418347597122192, 0.6466211676597595
86, 6, 0.89996737241745, 0.26772618293762207
86, 3, 0.8605314493179321, 0.376613050699234
86, 17, 0.8673778176307678, 0.3528922200202942
86, 22, 0.898918628692627, 0.28652358055114746
86, 10, 0.9188801646232605, 0.22410663962364197
86, 1, 0.9124959707260132, 0.24697211384773254
86, 9, 0.856521725654602, 0.3581278324127197
86, 0, 0.9057209491729736, 0.254459947347641
86, 7, 0.7503705024719238, 0.6595561504364014
86, 8, 0.7289114594459534, 0.7271643280982971
86, 11, 0.7298996448516846, 0.7828885912895203
86, 14, 0.9021784663200378, 0.2756198048591614
86, 23, 0.9061856865882874, 0.25890377163887024
86, 20, 0.9160078167915344, 0.2459772527217865
86, 4, 0.9024576544761658, 0.2657366991043091
86, 2, 0.912716805934906, 0.23967574536800385
86, 12, 0.9110459685325623, 0.2554405629634857
86, 18, 0.7498262524604797, 0.7005557417869568
87, 22, 0.9053335785865784, 0.2750912308692932
87, 15, 0.8977376818656921, 0.2981916666030884
87, 9, 0.858612060546875, 0.3587851822376251
87, 17, 0.8867218494415283, 0.3147418797016144
87, 23, 0.9159886240959167, 0.22587722539901733
87, 1, 0.9185916185379028, 0.22888615727424622
87, 20, 0.9096975326538086, 0.2570803761482239
87, 6, 0.9109007716178894, 0.25065094232559204
87, 8, 0.7272488474845886, 0.7361794114112854
87, 18, 0.7599722146987915, 0.6796966195106506
87, 0, 0.9089304208755493, 0.24811924993991852
87, 21, 0.7391576170921326, 0.6901252269744873
87, 5, 0.9216814637184143, 0.23102740943431854
87, 12, 0.9149560332298279, 0.24170076847076416
87, 19, 0.8967455625534058, 0.28398215770721436
87, 3, 0.858034610748291, 0.3861822187900543
87, 13, 0.6108160614967346, 1.165677785873413
87, 2, 0.9195907711982727, 0.2215130627155304
87, 4, 0.902935802936554, 0.26364895701408386
87, 7, 0.7456775903701782, 0.6869134902954102
87, 11, 0.7418144345283508, 0.74094557762146
87, 10, 0.9181212782859802, 0.2297993302345276
87, 14, 0.9001598358154297, 0.27991071343421936
87, 16, 0.9034029245376587, 0.26536044478416443
88, 5, 0.9200243949890137, 0.23084165155887604
88, 15, 0.8892540335655212, 0.3205505609512329
88, 4, 0.9050396680831909, 0.2567557990550995
88, 7, 0.7646961808204651, 0.6339995265007019
88, 12, 0.9055718183517456, 0.2586304545402527
88, 6, 0.9100848436355591, 0.2520585358142853
88, 9, 0.8579431176185608, 0.3613739013671875
88, 16, 0.8998019695281982, 0.27455636858940125
88, 2, 0.9354168176651001, 0.187021404504776
88, 22, 0.9054251909255981, 0.2647853493690491
88, 18, 0.7596942186355591, 0.7155964970588684
88, 14, 0.8941037654876709, 0.2933734059333801
88, 23, 0.9169689416885376, 0.22467638552188873
88, 19, 0.8989212512969971, 0.27753233909606934
88, 20, 0.9146296977996826, 0.2577097713947296
88, 17, 0.8762935996055603, 0.33048591017723083
88, 10, 0.9139893651008606, 0.22874733805656433
88, 3, 0.8618690967559814, 0.3658628761768341
88, 8, 0.7374868988990784, 0.7079809904098511
88, 21, 0.7509369850158691, 0.6653180718421936
88, 0, 0.9106956720352173, 0.23866024613380432
88, 11, 0.7327141165733337, 0.7408578991889954
88, 1, 0.9118543267250061, 0.2544485926628113
88, 13, 0.5887767672538757, 1.4123798608779907
89, 9, 0.8551839590072632, 0.3638705909252167
89, 17, 0.8846521377563477, 0.3111626207828522
89, 8, 0.7348617315292358, 0.6996240019798279
89, 6, 0.903639018535614, 0.2703561782836914
89, 15, 0.8879547715187073, 0.31820908188819885
89, 20, 0.9209400415420532, 0.2386978715658188
89, 23, 0.9223605394363403, 0.2228679060935974
89, 5, 0.9236873984336853, 0.223507821559906
89, 4, 0.8974849581718445, 0.27318382263183594
89, 22, 0.9054251909255981, 0.26077330112457275
89, 7, 0.7687304615974426, 0.6143285036087036
89, 1, 0.9112929105758667, 0.24358496069908142
89, 11, 0.7160146236419678, 0.8016472458839417
89, 21, 0.7544173002243042, 0.6592044234275818
89, 13, 0.6394937038421631, 1.0496045351028442
89, 19, 0.8953857421875, 0.28688210248947144
89, 10, 0.9157601594924927, 0.23283323645591736
89, 16, 0.9015124440193176, 0.2693272531032562
89, 0, 0.9141458868980408, 0.23627786338329315
89, 3, 0.8527733087539673, 0.3935719430446625
89, 14, 0.8980570435523987, 0.2855738699436188
89, 12, 0.9164223074913025, 0.24039997160434723
89, 2, 0.9378946423530579, 0.18543052673339844
89, 18, 0.7600417137145996, 0.6509774923324585
90, 23, 0.9182432889938354, 0.22550344467163086
90, 9, 0.8600334525108337, 0.35412439703941345
90, 14, 0.8951131105422974, 0.29336437582969666
90, 12, 0.9115347266197205, 0.2536538243293762
90, 11, 0.7765268683433533, 0.6120707988739014
90, 10, 0.9116283059120178, 0.2423747330904007
90, 20, 0.9044026732444763, 0.2688148319721222
90, 3, 0.8550027012825012, 0.3944146931171417
90, 13, 0.5682421922683716, 1.4243940114974976
90, 21, 0.7598608136177063, 0.6512221693992615
90, 18, 0.7783182859420776, 0.6254217028617859
90, 7, 0.7590153217315674, 0.6597239971160889
90, 17, 0.8852093815803528, 0.31304025650024414
90, 2, 0.931500256061554, 0.19789087772369385
90, 19, 0.9039071798324585, 0.26528793573379517
90, 0, 0.9085292220115662, 0.24528560042381287
90, 6, 0.9089425802230835, 0.2500533163547516
90, 4, 0.9015970230102539, 0.26770254969596863
90, 8, 0.7396745085716248, 0.7154440879821777
90, 16, 0.9000720381736755, 0.27933555841445923
90, 5, 0.9094714522361755, 0.2599365711212158
90, 1, 0.9157844185829163, 0.24010108411312103
90, 22, 0.9050586223602295, 0.2704102098941803
90, 15, 0.9032406210899353, 0.2825489938259125
91, 21, 0.7483490705490112, 0.6702023148536682
91, 23, 0.9151063561439514, 0.23453302681446075
91, 22, 0.9084494113922119, 0.2587786018848419
91, 7, 0.7342334985733032, 0.7342801094055176
91, 20, 0.9103503227233887, 0.26594629883766174
91, 17, 0.8756567239761353, 0.3374721109867096
91, 5, 0.916361391544342, 0.2400863766670227
91, 8, 0.7257612943649292, 0.7374674677848816
91, 2, 0.9347773790359497, 0.18472449481487274
91, 13, 0.7082669734954834, 0.8991360664367676
91, 1, 0.9187520146369934, 0.22806823253631592
91, 16, 0.9035829901695251, 0.27163469791412354
91, 11, 0.7462238669395447, 0.7004674077033997
91, 19, 0.9039978384971619, 0.2620362341403961
91, 3, 0.8574103713035583, 0.3881252110004425
91, 15, 0.8959798216819763, 0.30228278040885925
91, 9, 0.8647156953811646, 0.3504387140274048
91, 12, 0.9136852622032166, 0.2448815405368805
91, 0, 0.916793704032898, 0.22920115292072296
91, 4, 0.909725546836853, 0.24947938323020935
91, 10, 0.9193018078804016, 0.22102653980255127
91, 18, 0.7734537720680237, 0.6607866287231445
91, 6, 0.9038838148117065, 0.2625582814216614
91, 14, 0.8997392654418945, 0.28120651841163635
92, 4, 0.9000669121742249, 0.2831658124923706
92, 19, 0.9024567008018494, 0.27415305376052856
92, 3, 0.8542001247406006, 0.3865474462509155
92, 9, 0.8555184006690979, 0.3695310354232788
92, 11, 0.7587015628814697, 0.6807547807693481
92, 20, 0.9169507622718811, 0.2463291734457016
92, 14, 0.8973841071128845, 0.28213492035865784
92, 0, 0.9066838026046753, 0.2628643214702606
92, 6, 0.9084529876708984, 0.256712406873703
92, 12, 0.899217963218689, 0.27795982360839844
92, 5, 0.9257805943489075, 0.217058926820755
92, 22, 0.9097324013710022, 0.2668309807777405
92, 16, 0.9010623097419739, 0.2682461142539978
92, 8, 0.7309240698814392, 0.7024744749069214
92, 17, 0.8820251822471619, 0.325711727142334
92, 2, 0.9219087362289429, 0.22766205668449402
92, 13, 0.6617985367774963, 1.0277551412582397
92, 1, 0.9062399864196777, 0.2614820599555969
92, 15, 0.8928462266921997, 0.3119905889034271
92, 10, 0.9194704294204712, 0.2211209237575531
92, 7, 0.7749053239822388, 0.6028647422790527
92, 21, 0.7542387843132019, 0.6455993056297302
92, 23, 0.9157925844192505, 0.24293234944343567
92, 18, 0.746282160282135, 0.742737889289856
93, 22, 0.9085410833358765, 0.2604779005050659
93, 16, 0.9050233960151672, 0.2555270195007324
93, 21, 0.7608423829078674, 0.6331365704536438
93, 23, 0.9069699048995972, 0.25420624017715454
93, 1, 0.9163458347320557, 0.23059456050395966
93, 3, 0.8577671051025391, 0.3839431703090668
93, 14, 0.9029355049133301, 0.2689320743083954
93, 8, 0.7342492341995239, 0.7294760942459106
93, 4, 0.8980587124824524, 0.2719283103942871
93, 0, 0.9111770987510681, 0.23600299656391144
93, 13, 0.6571959853172302, 1.070063829421997
93, 9, 0.8591136932373047, 0.3569762110710144
93, 2, 0.9251858592033386, 0.21243110299110413
93, 10, 0.919723391532898, 0.2261226773262024
93, 17, 0.8883139491081238, 0.30095821619033813
93, 20, 0.9094074368476868, 0.2630131244659424
93, 19, 0.9037258625030518, 0.2651091516017914
93, 18, 0.7726893424987793, 0.6744956970214844
93, 6, 0.9018439650535583, 0.2696506679058075
93, 15, 0.9004127383232117, 0.2938116192817688
93, 7, 0.7714473605155945, 0.6257199048995972
93, 12, 0.9133920073509216, 0.24744346737861633
93, 5, 0.9201988577842712, 0.23681190609931946
93, 11, 0.7363730072975159, 0.7625051736831665
94, 22, 0.9026759266853333, 0.27492815256118774
94, 21, 0.7495092153549194, 0.6590802073478699
94, 4, 0.9049440622329712, 0.260465145111084
94, 8, 0.73284912109375, 0.7119413018226624
94, 19, 0.8961109519004822, 0.28425925970077515
94, 1, 0.9189926385879517, 0.2393990308046341
94, 3, 0.8601747751235962, 0.3811793327331543
94, 18, 0.7525364756584167, 0.6903468370437622
94, 17, 0.8741442561149597, 0.35328927636146545
94, 13, 0.6234731674194336, 1.1315882205963135
94, 7, 0.770294725894928, 0.630757749080658
94, 10, 0.9195547699928284, 0.2170153707265854
94, 6, 0.9141644835472107, 0.23790504038333893
94, 12, 0.9153470396995544, 0.23728196322917938
94, 5, 0.920373260974884, 0.23209801316261292
94, 16, 0.9065538644790649, 0.26251164078712463
94, 2, 0.9302213788032532, 0.19588083028793335
94, 9, 0.8592809438705444, 0.3544965982437134
94, 23, 0.9185373783111572, 0.22533456981182098
94, 15, 0.8941455483436584, 0.30732467770576477
94, 14, 0.8846833109855652, 0.32088443636894226
94, 11, 0.7024111151695251, 0.9241291880607605
94, 0, 0.9194415211677551, 0.22258034348487854
94, 20, 0.9158627986907959, 0.24908296763896942
95, 12, 0.9183773398399353, 0.22540895640850067
95, 13, 0.6170118451118469, 1.1625481843948364
95, 15, 0.874656081199646, 0.35518625378608704
95, 10, 0.9236866235733032, 0.21057148277759552
95, 4, 0.9068566560745239, 0.25416916608810425
95, 9, 0.8481605648994446, 0.3803154528141022
95, 21, 0.7469213008880615, 0.6678385734558105
95, 22, 0.906799852848053, 0.27284613251686096
95, 5, 0.926652729511261, 0.21839693188667297
95, 7, 0.7335748672485352, 0.7224829792976379
95, 3, 0.8626716732978821, 0.3705015480518341
95, 0, 0.9162320494651794, 0.2301601767539978
95, 20, 0.9172408580780029, 0.24404625594615936
95, 6, 0.9109007716178894, 0.2395036667585373
95, 18, 0.7703961133956909, 0.6710816025733948
95, 8, 0.7379243969917297, 0.7119231820106506
95, 23, 0.9169689416885376, 0.23690710961818695
95, 14, 0.9012532830238342, 0.2808274030685425
95, 11, 0.7773712277412415, 0.6142743825912476
95, 16, 0.9003421068191528, 0.2717278301715851
95, 2, 0.9300615191459656, 0.20728309452533722
95, 1, 0.9161854386329651, 0.24195986986160278
95, 19, 0.9059922099113464, 0.25812828540802
95, 17, 0.8922942280769348, 0.29871246218681335
96, 6, 0.9029046893119812, 0.2692570090293884
96, 4, 0.9081954956054688, 0.24606408178806305
96, 23, 0.9172630310058594, 0.23913659155368805
96, 8, 0.7170983552932739, 0.7354952096939087
96, 12, 0.9022482633590698, 0.28148236870765686
96, 11, 0.7465053200721741, 0.7164079546928406
96, 18, 0.762334942817688, 0.674332857131958
96, 19, 0.9013688564300537, 0.27120283246040344
96, 10, 0.9222531318664551, 0.21725024282932281
96, 5, 0.9228152632713318, 0.2249949872493744
96, 7, 0.7637905478477478, 0.6404025554656982
96, 13, 0.5944414734840393, 1.230475902557373
96, 21, 0.742280900478363, 0.652061939239502
96, 17, 0.8885527849197388, 0.3105611503124237
96, 2, 0.9143953323364258, 0.2427021712064743
96, 14, 0.8998233675956726, 0.27304983139038086
96, 9, 0.8608695864677429, 0.3477427661418915
96, 16, 0.9088944792747498, 0.2493496686220169
96, 22, 0.9150476455688477, 0.24682147800922394
96, 20, 0.9173133969306946, 0.2498050332069397
96, 0, 0.9152691960334778, 0.233689084649086
96, 3, 0.8575887084007263, 0.38213634490966797
96, 1, 0.9223612546920776, 0.22394722700119019
96, 15, 0.8988077044487, 0.2891903221607208
97, 4, 0.909725546836853, 0.24920307099819183
97, 23, 0.9226546287536621, 0.2174348086118698
97, 9, 0.8586956262588501, 0.3616689145565033
97, 14, 0.9042812585830688, 0.2750040888786316
97, 16, 0.9057435989379883, 0.26269832253456116
97, 7, 0.7272353172302246, 0.7021918296813965
97, 19, 0.8992838263511658, 0.27761325240135193
97, 22, 0.9132148027420044, 0.2462432086467743
97, 3, 0.8667736649513245, 0.3635473847389221
97, 8, 0.73284912109375, 0.6929209232330322
97, 0, 0.9143063426017761, 0.23771831393241882
97, 18, 0.758095920085907, 0.6852076649665833
97, 12, 0.9102639555931091, 0.25587213039398193
97, 15, 0.9039284586906433, 0.28932687640190125
97, 2, 0.9378147125244141, 0.18532297015190125
97, 5, 0.9201116561889648, 0.2264258712530136
97, 11, 0.7410638928413391, 0.7320159673690796
97, 20, 0.9228258728981018, 0.23404191434383392
97, 13, 0.6257745027542114, 1.1350959539413452
97, 1, 0.9147417545318604, 0.2452441304922104
97, 6, 0.9029046893119812, 0.25597551465034485
97, 17, 0.8939658999443054, 0.29202887415885925
97, 10, 0.9214942455291748, 0.21964913606643677
97, 21, 0.749687671661377, 0.645386278629303
98, 5, 0.9290075302124023, 0.211325541138649
98, 21, 0.7388898730278015, 0.6661933660507202
98, 4, 0.9092473983764648, 0.25368598103523254
98, 10, 0.9175310134887695, 0.2279684990644455
98, 20, 0.9134691953659058, 0.25787028670310974
98, 22, 0.9151393175125122, 0.24746544659137726
98, 7, 0.7607442736625671, 0.6589156985282898
98, 17, 0.8797166347503662, 0.32562389969825745
98, 8, 0.7346867322921753, 0.715211033821106
98, 12, 0.9129032492637634, 0.24381595849990845
98, 2, 0.9265446662902832, 0.20979325473308563
98, 19, 0.8948417901992798, 0.2893507778644562
98, 9, 0.8540133833885193, 0.37819766998291016
98, 11, 0.7450980544090271, 0.7540231347084045
98, 18, 0.7771369218826294, 0.663288414478302
98, 3, 0.8639200925827026, 0.3671043813228607
98, 15, 0.9032406210899353, 0.2815050184726715
98, 16, 0.8971011638641357, 0.29708433151245117
98, 14, 0.8949449062347412, 0.2913307249546051
98, 23, 0.9221644997596741, 0.22220268845558167
98, 1, 0.9206769466400146, 0.22714188694953918
98, 0, 0.9119794368743896, 0.24121347069740295
98, 6, 0.8848727345466614, 0.2976802885532379
98, 13, 0.6248893737792969, 1.0870426893234253
99, 11, 0.7693029642105103, 0.6740264892578125
99, 23, 0.9178512096405029, 0.22927753627300262
99, 19, 0.8925754427909851, 0.298406720161438
99, 2, 0.9371752738952637, 0.1821621209383011
99, 1, 0.9145011305809021, 0.24800869822502136
99, 6, 0.9193864464759827, 0.22717779874801636
99, 21, 0.7460289001464844, 0.676845371723175
99, 4, 0.9101080894470215, 0.2515273690223694
99, 12, 0.9133920073509216, 0.24171535670757294
99, 5, 0.930402934551239, 0.20321063697338104
99, 14, 0.9021784663200378, 0.2764420509338379
99, 8, 0.7330241799354553, 0.6992241740226746
99, 9, 0.8616220951080322, 0.35839998722076416
99, 22, 0.9083577990531921, 0.2616115212440491
99, 15, 0.9014062881469727, 0.28055426478385925
99, 17, 0.8493074178695679, 0.4146546721458435
99, 3, 0.8664169907569885, 0.3607077896595001
99, 16, 0.9041231274604797, 0.26560068130493164
99, 18, 0.7537873387336731, 0.746751070022583
99, 0, 0.9150285124778748, 0.2335270345211029
99, 13, 0.6893255710601807, 0.9562000036239624
99, 10, 0.9188801646232605, 0.2266639769077301
99, 7, 0.7602502703666687, 0.6663585901260376
99, 20, 0.9149198532104492, 0.2497623711824417
100, 3, 0.836365282535553, 0.4229362905025482
100, 17, 0.867457389831543, 0.3508632481098175
100, 22, 0.90084308385849, 0.28266656398773193
100, 2, 0.9362960457801819, 0.18566259741783142
100, 10, 0.914158046245575, 0.23162755370140076
100, 23, 0.9139299988746643, 0.24912665784358978
100, 7, 0.7717767357826233, 0.6170245409011841
100, 15, 0.8926169276237488, 0.3171393871307373
100, 5, 0.9225536584854126, 0.2268032729625702
100, 21, 0.7727110385894775, 0.6142882108688354
100, 20, 0.9177486300468445, 0.245413139462471
100, 12, 0.9136852622032166, 0.24374398589134216
100, 8, 0.7338116765022278, 0.7018767595291138
100, 9, 0.8603678941726685, 0.3564206659793854
100, 19, 0.902366042137146, 0.2697073817253113
100, 6, 0.9122878313064575, 0.24044795334339142
100, 1, 0.9176291227340698, 0.23572994768619537
100, 0, 0.9184786677360535, 0.2198057621717453
100, 18, 0.7649756669998169, 0.6658246517181396
100, 16, 0.9000720381736755, 0.26991406083106995
100, 4, 0.8994931578636169, 0.2722241282463074
100, 11, 0.7439722418785095, 0.7333100438117981
100, 13, 0.6009913086891174, 1.2667900323867798
100, 14, 0.8983093500137329, 0.2832423150539398
